name;Ca;dCa;Co;dCo;Cu;dCu;Fe;dFe;Ni;dNi;Описание;is_solid;id;tags;status_id;is_solution;last_normalized;sample_mass;Sc;dSc;repeat_number;method_number;created_at;priority;series_base;is_series;V (ml);Плотность;Масса твердого (g);pH;Eh;Масса навески (g);Объем р-ра H2SO4 (ml);Масса железных окатышей (g);Масса Ca(OH)2 (g);Масса CaCO3 (g)
AOB 1.1;13.94;0.11;0.01;0;1.17;0.01;306.92;2.51;2.04;0.01;АОВ сначальной плотностью 1.1;1;1;[];3;0;2026-01-06T22:31:13.627301;0;0;0;0;0;0;0;0;0;0;0;0;0;0;0;0;0;0;0
AOB 1.2;13.83;0.11;0.03;0;1.27;0.01;347.64;3.02;1.26;0;Аов с начальной плотностью 1.2;1;2;[];3;0;0;0;0;0;0;0;0;0;0;0;0;0;0;0;0;0;0;0;0;0
AOB 1.3;19.46;0.2;0;0;1.37;0.01;331.78;2.8;2.55;0.01;АОВ с начальной плотностью 1.3;1;3;[];3;0;0;0;0;0;0;0;0;0;0;0;0;0;0;0;0;0;0;0;0;0
AV 11;7.11;0.8;0.25;0.14;5.22;0.11;241.6;48.17;11.96;0.11;Камерный продукт после флотации образца АОВ1.1 (пульпа ССФ);1;4;[];3;0;0;0;0;0;0;0;0;0;0;0;0;0;0;0;0;0;0;0;0;0
AV 11 110;5.95;0.88;0.37;0.05;1.81;0.04;65.27;6.25;15;0.15;Твердый остаток сернокислого атмосферного выщелачивания 1г к 1 мл кислоты в течении часа при кипении. образца AV11;1;5;[];3;0;0;0;0;0;0;0;0;0;0;0;0;0;0;0;0;0;0;0;0;0
AV11-110-1;10.63;0.44;0.01;0.01;7.83;0.65;271.73;37.9;3;0.03;Твердый осадок после сульфидизации нейтрализованного и профильтрованного раствора выщелачивания образца AV 11;1;6;[];3;0;0;0;0;0;0;0;0;0;0;0;0;0;0;0;0;0;0;0;0;0
AV11-110-C;200.14;19.2;-0.01;0;1.02;0.06;142.34;21.31;0.42;0.01;камерный продукт флотации образца AV11_110_1нейтрализованный до pH 8;1;7;[];3;0;0;0;0;0;0;0;0;0;0;0;0;0;0;0;0;0;0;0;0;0
AV11-110-F;6.7;0.29;0.05;0.02;10.25;1.48;260.54;54.84;2.83;0.01;концентрат флотации образца AV11_110_1;1;8;[];3;0;0;0;0;0;0;0;0;0;0;0;0;0;0;0;0;0;0;0;0;0
AV11-110-N;76.91;73.74;0.1;0.01;0.52;0;18.73;0.29;4.36;0.03;Отфильтрованный гипс нейтрализации до pH2 Пульпы САВ образца AV11;1;9;[];3;0;2026-01-06T09:37:49.072952;0;0;0;0;0;0;0;0;0;0;0;0;0;0;0;0;0;0;0
AV111F;4.62;0.2;0.71;0.09;13.3;0.28;112.55;11.27;33.58;0.35;концентрат флотации образца AV_1_1;1;10;[];3;0;0;0;0;0;0;0;0;0;0;0;0;0;0;0;0;0;0;0;0;0
AV111I;5.4;0.35;0.45;0.16;4.17;0.03;228.73;50.14;17.31;0.19;промежуточный продукт флотации образца AV_1_1;1;11;[];3;0;0;0;0;0;0;0;0;0;0;0;0;0;0;0;0;0;0;0;0;0
AV11C;12.88;4.32;0.19;0.07;1.99;0.05;230.35;49.15;7.98;0.09;Камерный продукт флотации образца AV_1_1;1;12;[];3;0;0;0;0;0;0;0;0;0;0;0;0;0;0;0;0;0;0;0;0;0
AV12_1_1_C;65.31;49.48;0.16;0.06;3.31;0.07;95.21;8.24;5.75;0.08;Камерный продукт флотации образца AV12;1;13;[];3;0;0;0;0;0;0;0;0;0;0;0;0;0;0;0;0;0;0;0;0;0
NV_1_2_F;17.64;6.45;0.68;0.14;8.3;0.14;183.54;24.05;33.35;0.45;Концентрат флотации образца автоклавного нитритного выщелачивания МСП : 2.5г/л нитрита. 5 г/л серной кислоты 10 атм. 1.5 часа;1;14;[];3;0;0;0;0;0;0;0;0;0;0;0;0;0;0;0;0;0;0;0;0;0
NV_AV_1_C;24.1;10.88;0.01;0;0.47;0.01;41.56;1.14;0.52;0.01;Камерный продукт флотации продукта нитритного атмосферного из AV_1_1выщелачивания (сульфидизация только окатышами);1;15;[];3;0;0;0;0;0;0;0;0;0;0;0;0;0;0;0;0;0;0;0;0;0
NV_AV1_F;6.51;0.27;0.08;0.02;3.27;0.08;221.64;33.03;2.21;0.05; концентрат флотации продукта нитритного атмосферного из AV_1_1выщелачивания (сульфидизация только окатышами);1;16;[];3;0;0;0;0;0;0;0;0;0;0;0;0;0;0;0;0;0;0;0;0;0
NV_MSP_F;16.82;4.69;1.72;0.27;15.42;0.34;343.12;66.42;37.41;0.53; концентрат флотации продукта нитритного атмосферного выщелачивания из МСП (сульфидизация только окатышами);1;17;[];3;0;0;0;0;0;0;0;0;0;0;0;0;0;0;0;0;0;0;0;0;0
NV1_1;38.92;15.82;0.3;0.11;1.4;0.04;413.78;65.83;98.92;1.35;Раствор нитритного автоклавного выщелачивания  1;1;18;[];3;1;2026-01-06T09:37:49.072952;0;0;0;0;0;0;0;0;0;0;0;0;0;0;0;0;0;0;0
NV1_2;54.4;24.2;5.4;0.59;43.52;1.07;598.78;119.11;263.28;8.82;Раствор нитритного автоклавного выщелачивания  2;1;19;[];3;1;2026-01-06T09:37:49.072952;0;0;0;0;0;0;0;0;0;0;0;0;0;0;0;0;0;0;0
T13_105_0_1_C;99.34;3.24;0.01;0;0.2;0;56.85;0.34;0.86;0;0;1;20;[];3;0;0;0;0;0;0;0;0;0;0;0;0;0;0;0;0;0;0;0;0;0
T13_105_0_1_F;68.59;59.95;0.02;0;0.31;0.02;62.79;7.77;1.11;0.02;0;1;21;[];3;0;0;0;0;0;0;0;0;0;0;0;0;0;0;0;0;0;0;0;0;0
T13_105_0_1_I;105.77;3.38;0.01;0;0.21;0;46.87;0.26;0.86;0;0;1;22;[];3;0;0;0;0;0;0;0;0;0;0;0;0;0;0;0;0;0;0;0;0;0
T13_110_0_1_С;119.45;4.17;0.02;0;0.26;0;44.47;0.25;1.14;0;0;1;23;[];3;0;0;0;0;0;0;0;0;0;0;0;0;0;0;0;0;0;0;0;0;0
T13_115_0_1_F;74.55;62.24;0.03;0.02;0.36;0.01;47.74;1.78;1.43;0.03;0;1;24;[];3;0;0;0;0;0;0;0;0;0;0;0;0;0;0;0;0;0;0;0;0;0
T13_120_0_1_F;74.28;61.21;0.05;0.03;0.52;0.01;54.93;2.32;2.12;0.04;0;1;25;[];3;0;0;0;0;0;0;0;0;0;0;0;0;0;0;0;0;0;0;0;0;0
T13_120_0_1_I;56.41;42.43;0.02;0.01;0.18;0.01;32.24;0.94;0.86;0.02;0;1;26;[];3;0;2026-01-06T09:37:49.072952;0;0;0;0;0;0;0;0;0;0;0;0;0;0;0;0;0;0;0
T13_120_3_0_1_C;71.03;58.49;0.03;0.01;0.23;0.01;35.66;1.11;1.1;0.02;0;1;27;[];3;0;2026-01-06T09:37:49.072952;0;0;0;0;0;0;0;0;0;0;0;0;0;0;0;0;0;0;0
T13_175_0_1_F;111.22;3.55;0.04;0;0.43;0;74.67;0.46;1.8;0;0;1;28;[];3;0;2026-01-06T09:37:49.072952;0;0;0;0;0;0;0;0;0;0;0;0;0;0;0;0;0;0;0
T13_175_0_1_I;116.05;3.98;0.03;0;0.35;0;56.06;0.33;1.5;0;0;1;29;[];3;0;2026-01-06T09:37:49.072952;0;0;0;0;0;0;0;0;0;0;0;0;0;0;0;0;0;0;0
T13_175_0_1_С;119.21;4.2;0.02;0;0.23;0;57.79;0.34;1;0;0;1;30;[];3;0;2026-01-06T09:37:49.072952;0;0;0;0;0;0;0;0;0;0;0;0;0;0;0;0;0;0;0
T13_205_0_1_C;93.94;0.2;0.03;0;0.36;0;94.85;2.01;1.73;0.01;0;1;31;[];3;0;2026-01-06T09:37:49.072952;0;0;0;0;0;0;0;0;0;0;0;0;0;0;0;0;0;0;0
T13_205_0_1_F;64.54;1.14;0.06;0;0.67;0;162.44;1.13;3;0.01;0;1;32;[];3;0;2026-01-06T09:37:49.072952;0;0;0;0;0;0;0;0;0;0;0;0;0;0;0;0;0;0;0
T13_205_0_1_I;57.94;0.3;0;0;1.17;0.02;222;3.54;4.79;0;0;1;33;[];3;0;2026-01-06T09:37:49.072952;0;0;0;0;0;0;0;0;0;0;0;0;0;0;0;0;0;0;0
T13_210_0_1_F;80.63;1.22;0.05;0;0.7;0;115.27;1.21;2.74;0.01;0;1;34;[];3;0;2026-01-06T09:37:49.072952;0;0;0;0;0;0;0;0;0;0;0;0;0;0;0;0;0;0;0
T13_210_0_1_I;81.7;1.92;0.07;0;0.84;0;132.58;0.88;3.46;0.01;0;1;35;[];3;0;2026-01-06T09:37:49.072952;0;0;0;0;0;0;0;0;0;0;0;0;0;0;0;0;0;0;0
T13_210_0_1_С;109.62;3.51;0.03;0;0.37;0;61.02;0.37;1.74;0;0;1;36;[];3;0;2026-01-06T09:37:49.072952;0;0;0;0;0;0;0;0;0;0;0;0;0;0;0;0;0;0;0
T13_215_0_1_F;42.03;30.32;0.03;0.01;0.56;0.03;160.44;27.26;2.81;0.01;0;1;37;[];3;0;2026-01-06T09:37:49.072952;0;0;0;0;0;0;0;0;0;0;0;0;0;0;0;0;0;0;0
T13_215_0_1_I;47.87;34.98;0.05;0.01;0.76;0.05;112.88;16.51;3.25;0.02;0;1;38;[];3;0;2026-01-06T09:37:49.072952;0;0;0;0;0;0;0;0;0;0;0;0;0;0;0;0;0;0;0
T13_215_0_1_С;45.12;33.28;0.02;0.01;0.48;0.03;160.05;27.35;2.47;0.01;0;1;39;[];3;0;2026-01-06T09:37:49.072952;0;0;0;0;0;0;0;0;0;0;0;0;0;0;0;0;0;0;0
T13_220_0_1_C;57.72;48.5;0.03;0;0.43;0.02;68.57;8.8;1.88;0.02;0;1;40;[];3;0;2026-01-06T09:37:49.072952;0;0;0;0;0;0;0;0;0;0;0;0;0;0;0;0;0;0;0
T13_220_0_1_F;55.26;44.99;0.04;0.01;0.51;0.03;107.52;15.78;2.57;0.01;0;1;41;[];3;0;2026-01-06T09:37:49.072952;0;0;0;0;0;0;0;0;0;0;0;0;0;0;0;0;0;0;0
T13_275_0_1_F;25.19;0.3;0.07;0;0.91;0.01;230.08;1.71;3.85;0.01;0;1;42;[];3;0;2026-01-06T09:37:49.072952;0;0;0;0;0;0;0;0;0;0;0;0;0;0;0;0;0;0;0
T13_305_0_1_C;56.29;0.57;0.07;0;0.7;0;235.59;1.82;3.38;0.01;0;1;43;[];3;0;2026-01-06T09:37:49.072952;0;0;0;0;0;0;0;0;0;0;0;0;0;0;0;0;0;0;0
T13_305_0_1_I;64.82;1.83;0.06;0;0.64;0;222.52;0.74;2.86;0.01;0;1;44;[];3;0;2026-01-06T09:37:49.072952;0;0;0;0;0;0;0;0;0;0;0;0;0;0;0;0;0;0;0
T13_310_0_1_C;79.46;1.86;0.05;0;0.51;0;169.97;1.22;2.63;0.01;0;1;45;[];3;0;2026-01-06T09:37:49.072952;0;0;0;0;0;0;0;0;0;0;0;0;0;0;0;0;0;0;0
T13_310_0_1_F;157.97;0.24;0;0;0.65;0.03;130.3;1.81;1.2;0.03;0;1;46;[];3;0;2026-01-06T09:37:49.072952;0;0;0;0;0;0;0;0;0;0;0;0;0;0;0;0;0;0;0
T13_310_0_1_I;33.85;21.71;0.04;0.01;0.73;0.05;191.77;36.19;3.41;0.04;0;1;47;[];3;0;2026-01-06T09:37:49.072952;0;0;0;0;0;0;0;0;0;0;0;0;0;0;0;0;0;0;0
T13_310_3_0_1_I;48.24;36.68;0.04;0.01;0.59;0.03;110.74;16.9;2.67;0.01;0;1;48;[];3;0;2026-01-06T09:37:49.072952;0;0;0;0;0;0;0;0;0;0;0;0;0;0;0;0;0;0;0
T13_310_3_0_1_С;55.23;45.23;0.03;0;0.44;0.02;69.81;9.21;2.16;0.01;0;1;49;[];3;0;2026-01-06T09:37:49.072952;0;0;0;0;0;0;0;0;0;0;0;0;0;0;0;0;0;0;0
T13_315_0_1_c??;41.82;29.57;0.04;0.01;0.6;0.04;169.23;29.58;3.11;0.02;0;1;50;[];3;0;2026-01-06T09:37:49.072952;0;0;0;0;0;0;0;0;0;0;0;0;0;0;0;0;0;0;0
T13_315_0_1_F;29.63;17.58;0.03;0.01;0.76;0.05;214.85;42.79;3.27;0.02;0;1;51;[];3;0;2026-01-06T09:37:49.072952;0;0;0;0;0;0;0;0;0;0;0;0;0;0;0;0;0;0;0
T13_315_0_1_I;31.03;18.94;0.04;0.01;0.75;0.05;203.38;39.26;3.47;0.03;0;1;52;[];3;0;2026-01-06T09:37:49.072952;0;0;0;0;0;0;0;0;0;0;0;0;0;0;0;0;0;0;0
T13_375_0_1_C;44.04;32.38;0.02;0.01;0.55;0.03;158.72;27.15;2.39;0.01;0;1;53;[];3;0;2026-01-06T09:37:49.072952;0;0;0;0;0;0;0;0;0;0;0;0;0;0;0;0;0;0;0
T13_375_0_1_F;42.87;0.91;0.06;0;0.7;0;270.23;1.65;3.04;0.01;0;1;54;[];3;0;2026-01-06T09:37:49.072952;0;0;0;0;0;0;0;0;0;0;0;0;0;0;0;0;0;0;0
T13_375_0_1_I;28.7;16.88;0.04;0.01;0.71;0.05;202.44;38.97;3.34;0.03;0;1;55;[];3;0;2026-01-06T09:37:49.072952;0;0;0;0;0;0;0;0;0;0;0;0;0;0;0;0;0;0;0
T15_105_2_1_С;81;66.84;0.01;0.02;0.07;0;79.18;5.94;0.21;0.01;0;1;56;[];3;0;2026-01-06T09:37:49.072952;0;0;0;0;0;0;0;0;0;0;0;0;0;0;0;0;0;0;0
T15_110_1_1_C;86;73.01;0.01;0.01;0.15;0.01;63.44;2.58;0.34;0.01;0;1;57;[];3;0;2026-01-06T09:37:49.072952;0;0;0;0;0;0;0;0;0;0;0;0;0;0;0;0;0;0;0
T15_110_1_1_I;10.93;2.59;0.04;0;0.73;0.01;100.94;9.63;1.47;0.03;0;1;58;[];3;0;2026-01-06T09:37:49.072952;0;0;0;0;0;0;0;0;0;0;0;0;0;0;0;0;0;0;0
T15_115_1_1_C;83.79;74.57;0.01;0.01;0.08;0;47.26;1.65;0.14;0.01;0;1;59;[];3;0;2026-01-06T09:37:49.072952;0;0;0;0;0;0;0;0;0;0;0;0;0;0;0;0;0;0;0
T15_115_2_1_С;77.29;64.43;0.01;0.01;0.15;0.01;44;1.28;0.37;0.01;0;1;60;[];3;0;2026-01-06T09:37:49.072952;0;0;0;0;0;0;0;0;0;0;0;0;0;0;0;0;0;0;0
T15_115_310_1_1_I ???;18.59;6.49;0.07;0.08;0.28;0.01;294.9;56.92;0.93;0.04;0;1;61;[];3;0;2026-01-06T09:37:49.072952;0;0;0;0;0;0;0;0;0;0;0;0;0;0;0;0;0;0;0
T15_210_1_1_C;63.06;47.91;0.03;0.03;0.17;0.01;135.33;13.1;0.46;0.02;0;1;62;[];3;0;2026-01-06T09:37:49.072952;0;0;0;0;0;0;0;0;0;0;0;0;0;0;0;0;0;0;0
T15_210_1_1_F;49.86;27.02;0.05;0.06;0.26;0.01;243.14;25.83;0.75;0.03;0;1;63;[];3;0;2026-01-06T09:37:49.072952;0;0;0;0;0;0;0;0;0;0;0;0;0;0;0;0;0;0;0
T15_210_1_1_I;36.52;21.63;0.05;0.06;0.27;0.01;215.44;32.3;0.77;0.03;0;1;64;[];3;0;2026-01-06T09:37:49.072952;0;0;0;0;0;0;0;0;0;0;0;0;0;0;0;0;0;0;0
T15_310_0_1_С;40.29;24.72;0.05;0.06;0.2;0.01;233.19;37.01;0.69;0.03;0;1;65;[];3;0;2026-01-06T09:37:49.072952;0;0;0;0;0;0;0;0;0;0;0;0;0;0;0;0;0;0;0
T17_105_2_1_C;83.58;69.33;0.02;0.01;0.14;0.01;61.09;2.38;0.32;0.01;0;1;66;[];3;0;2026-01-06T09:37:49.072952;0;0;0;0;0;0;0;0;0;0;0;0;0;0;0;0;0;0;0
T17_110_1_1_C;78.6;64.75;0.01;0.01;0.13;0.01;46.24;1.45;0.27;0.01;0;1;67;[];3;0;2026-01-06T09:37:49.072952;0;0;0;0;0;0;0;0;0;0;0;0;0;0;0;0;0;0;0
T17_110_1_1_I;85.57;74.23;0.02;0.01;0.23;0.01;55.39;1.92;0.41;0.01;0;1;68;[];3;0;2026-01-06T09:37:49.072952;0;0;0;0;0;0;0;0;0;0;0;0;0;0;0;0;0;0;0
аов 1.21f;3.57;0.17;0.74;0.1;28.03;0.24;111.85;12.65;29.97;0.68;Концентрат флотации образца АОВ1.2;1;69;[];3;0;2026-01-06T09:37:49.072952;0;0;0;0;0;0;0;0;0;0;0;0;0;0;0;0;0;0;0
аов 1.31F;4.58;0.2;1.4;0.13;36.29;0.14;138.19;17.88;53.2;0.9;Концентрат флотации образца АОВ 1.3;1;70;[];3;0;2026-01-06T09:37:49.072952;0;0;0;0;0;0;0;0;0;0;0;0;0;0;0;0;0;0;0
АОВ 1.11;8.34;1.16;0.31;0.15;6.84;0.14;240.35;43.27;16.6;0.16;????;1;71;[];3;0;2026-01-06T09:37:49.072952;0;0;0;0;0;0;0;0;0;0;0;0;0;0;0;0;0;0;0
АОВ_1.1_1_I;7.08;0.55;0.36;0.17;9.65;0.25;248.38;48.26;17.79;0.14;Промежуточный продукт флотации образца АОВ 1.1;1;72;[];3;0;2026-01-06T09:37:49.072952;0;0;0;0;0;0;0;0;0;0;0;0;0;0;0;0;0;0;0
АОВ_1.2_1_I;7;0.51;0.63;0.19;13.46;0.41;251.13;48.31;23.23;0.24;Промежуточный продукт флотации образца АОВ1.2;1;73;[];3;0;2026-01-06T09:37:49.072952;0;0;0;0;0;0;0;0;0;0;0;0;0;0;0;0;0;0;0
АОВ_1.2_1_С;8.48;1.59;0.19;0.07;3.32;0.05;245.87;55.41;7.01;0.06;Камерный продукт флотации АОВ1.2;1;74;[];3;0;2026-01-06T09:37:49.072952;0;0;0;0;0;0;0;0;0;0;0;0;0;0;0;0;0;0;0
АОВ_1.3_1_I;6.69;0.42;0.67;0.2;6.77;0.2;259.06;52.2;23.55;0.22;Промежуточный продукт флотации АОВ1.2;1;75;[];3;0;2026-01-06T09:37:49.072952;0;0;0;0;0;0;0;0;0;0;0;0;0;0;0;0;0;0;0
АОВ_1.3_1_С;9.79;1.89;0.16;0.05;1.22;0.04;241.79;45.19;4.65;0.06;Камерный продукт флотации АОВ1.3;1;76;[];3;0;2026-01-06T09:37:49.073950;0;0;0;0;0;0;0;0;0;0;0;0;0;0;0;0;0;0;0
АОВ1.1_1_F;16.34;6.14;0.3;0.06;9.64;0.18;93.01;9.05;16.63;0.22;Концентрат флотации АОВ1.1;1;77;[];3;0;2026-01-06T09:37:49.073950;0;0;0;0;0;0;0;0;0;0;0;0;0;0;0;0;0;0;0
МСП 113.4;22.73;1.76;0.27;0.02;2.03;0.34;247.41;62.15;10.01;0.67;МСП;1;78;[];3;0;2026-01-06T09:37:49.073950;0;0;0;0;0;0;0;0;0;0;0;0;0;0;0;0;0;0;0
Т13_115_0_1_I;62.16;50.77;0.02;0.01;0.23;0.01;31.33;1.09;1.07;0.02;0;1;79;[];3;0;2026-01-06T09:37:49.073950;0;0;0;0;0;0;0;0;0;0;0;0;0;0;0;0;0;0;0
Т13;55;0;0;0;0.49;0.02;327.5;1;3.5;0;Хвосты отвальные 1-3;1;80;[];3;0;2026-01-06T09:37:49.073950;0;0;0;0;0;0;0;0;0;0;0;0;0;0;0;0;0;0;0
NV-1-3-I;10.39;3.7;0.28;0.12;5.05;1.04;183.49;22.79;14.2;0.28;Промежуточный продукт флотации образца нитритного выщелачивания NV_1_3;1;81;[];3;0;2026-01-06T09:37:49.073950;0;0;0;0;0;0;0;0;0;0;0;0;0;0;0;0;0;0;0
NVI-1;20.92;13.42;0.19;0.08;4.65;0.99;138.93;17.85;10.38;0.2;Твердый продукт нитритного выщелачивания NV_1_1;1;82;[];3;0;2026-01-06T09:37:49.073950;0;0;0;0;0;0;0;0;0;0;0;0;0;0;0;0;0;0;0
AVI3-2-1-F;38.73;24.05;0.11;0.06;1.02;0.01;120.3;7.61;2.68;0.03;Концентрат флотации после САВ образца AV13;1;83;[];3;0;2026-01-06T09:37:49.073950;0;0;0;0;0;0;0;0;0;0;0;0;0;0;0;0;0;0;0
NV1-10.2;16.89;8.89;0.19;0.1;4.06;0.83;173.86;25.72;11.61;0.23;Твердый продукт автоклавного выщелачивания с лигногуматом 10-2 (правильный шифр AV_1_102);1;84;[];3;0;2026-01-06T09:37:49.073950;0;0;0;0;0;0;0;0;0;0;0;0;0;0;0;0;0;0;0
AV-1-4.2;42.76;49.84;0.01;0.01;0.1;0;11.85;0.14;0.65;0;Твердый продукт автоклавного выщелачивания с лигногуматом 4-2 ;1;85;[];3;0;2026-01-06T09:37:49.073950;0;0;0;0;0;0;0;0;0;0;0;0;0;0;0;0;0;0;0
AV12-1-1-C-1;50.34;47.65;0.06;0.03;1.28;0.12;50.79;2.82;2.5;0.02;Камерный продукт флотации после САВ из образца AV12;1;86;[];3;0;2026-01-06T09:37:49.073950;0;0;0;0;0;0;0;0;0;0;0;0;0;0;0;0;0;0;0
AV13-2-1-C;64.97;58.96;0.04;0.01;0.49;0;80.85;5.1;1.58;0.02;Камерный продукт флотации после САВ из образца AV13;1;87;[];3;0;2026-01-06T09:37:49.073950;0;0;0;0;0;0;0;0;0;0;0;0;0;0;0;0;0;0;0
AV12-1-1-F;37.79;19.23;0.1;0.05;2.68;0.15;118.27;5.49;4.07;0.03;Концентрат флотации после САВ из образца AV12;1;88;[];3;0;2026-01-06T09:37:49.073950;0;0;0;0;0;0;0;0;0;0;0;0;0;0;0;0;0;0;0
AVI3-2-1-I;41.79;32.06;0.1;0.05;1.01;0.05;115.51;7.82;2.86;0.02;Концентрат флотации после САВ из образца AV13;1;89;[];3;0;2026-01-06T09:37:49.073950;0;0;0;0;0;0;0;0;0;0;0;0;0;0;0;0;0;0;0
NV-1-2-I;6.19;1.89;0.21;0.11;2.02;0.33;200.57;43.91;10.05;0.2;Промежуточный продукт флотации нитритного выщелачивания NV_1_2;1;90;[];3;0;2026-01-06T09:37:49.073950;0;0;0;0;0;0;0;0;0;0;0;0;0;0;0;0;0;0;0
NV1-3-F;7.49;2.65;0.24;0.1;4.22;0.88;157.32;25.48;12.7;0.26;Концентрат флотации нитритного выщелачивания NV_1_3;1;91;[];3;0;2026-01-06T09:37:49.073950;0;0;0;0;0;0;0;0;0;0;0;0;0;0;0;0;0;0;0
NV-1-2-C;12.47;5.97;0.1;0.01;1.08;0.08;185.33;36.97;4.12;0.06;Камерный продукт флотации нитритного выщелачивания NV_1_2;1;92;[];3;0;2026-01-06T09:37:49.073950;0;0;0;0;0;0;0;0;0;0;0;0;0;0;0;0;0;0;0
T13_110_0_1_F;155.49;0.42;0;0;0.48;0.03;69.01;0.41;2.14;0.03;0;1;93;[];3;0;2026-01-06T09:37:49.073950;0;0;0;0;0;0;0;0;0;0;0;0;0;0;0;0;0;0;0
T13_110_0_1_I;178.89;0.74;0;0;0.33;0.03;54.89;0.43;1.74;0.03;0;1;94;[];3;0;2026-01-06T09:37:49.073950;0;0;0;0;0;0;0;0;0;0;0;0;0;0;0;0;0;0;0
T13_275_0_1_I;121.81;0.28;0;0;0.51;0.03;135.76;1.51;2.73;0.03;0;1;95;[];3;0;2026-01-06T09:37:49.073950;0;0;0;0;0;0;0;0;0;0;0;0;0;0;0;0;0;0;0
T13_275_0_1_С;130.16;4.79;0.01;0;0.14;0;49.59;0.28;0.73;0;0;1;96;[];3;0;2026-01-06T09:37:49.073950;0;0;0;0;0;0;0;0;0;0;0;0;0;0;0;0;0;0;0
T13-110-Б-1-С;188.76;5.84;0.01;0.01;0.22;0;42.19;1.09;0.82;0.02;0;1;97;[];3;0;2026-01-06T09:37:49.073950;0;0;0;0;0;0;0;0;0;0;0;0;0;0;0;0;0;0;0
T13-110-Б-1-I;118.74;0.7;0.04;0.03;0.77;0.01;148.8;11.27;2.69;0.04;0;1;98;[];3;0;2026-01-06T09:37:49.073950;0;0;0;0;0;0;0;0;0;0;0;0;0;0;0;0;0;0;0
T13-110-aБ-1-I;241.27;7.23;0.02;0.02;0.4;0.01;68.69;1.95;1.45;0.03;0;1;99;[];3;0;2026-01-06T09:37:49.073950;0;0;0;0;0;0;0;0;0;0;0;0;0;0;0;0;0;0;0
AV-1-42;22.9;1.09;0.2;0.14;5.56;0.08;318.31;55.91;15.84;0.62;Твердый продукт автоклавного выщелачивания с лигногуматом 4-2 ;1;100;[];3;0;2026-01-06T09:37:49.073950;0;0;0;0;0;0;0;0;0;0;0;0;0;0;0;0;0;0;0
AV-1-42-F;31.65;1.64;0.22;0.12;10.18;0.11;283.86;28.57;16.87;0.64;Концентрат флотации образца автоклавного выщелачивания с лигногуматом 4_2;1;101;[];3;0;2026-01-06T09:37:49.073950;0;0;0;0;0;0;0;0;0;0;0;0;0;0;0;0;0;0;0
AV-1-131-C;34.32;1.87;0.3;0.13;7.72;0.09;317.95;38.85;19.76;0.82;Камерный продукт флотации автоклавного выщелачивания с лигногуматом 13.1;1;102;[];3;0;2026-01-06T09:37:49.073950;0;0;0;0;0;0;0;0;0;0;0;0;0;0;0;0;0;0;0
AV-1-131-F;9.62;0.43;0.71;0.47;19.6;0.29;559.62;149.98;56.17;3.04;Концентрат флотации автоклавного выщелачивания с лигногуматом 13.1;1;103;[];3;0;2026-01-06T09:37:49.073950;0;0;0;0;0;0;0;0;0;0;0;0;0;0;0;0;0;0;0
NV-MSP-I;16.41;0.75;0.18;0.12;3.37;0.02;392.04;87.48;5.96;0.12;Продукт атмосферного нитритного выщелачивания из МСП;1;104;[];3;0;2026-01-06T09:37:49.073950;0;0;0;0;0;0;0;0;0;0;0;0;0;0;0;0;0;0;0
NV-AV-1-I;14.26;0.47;0.03;0.02;3.33;0.01;441.18;104.97;1.38;0.04;продукт атмосферного нитритного выщелачивания из AV_1_1_C;1;105;[];3;0;2026-01-06T09:37:49.073950;0;0;0;0;0;0;0;0;0;0;0;0;0;0;0;0;0;0;0
NV1-6-0-1-F;4.33;0.04;0.38;0.01;6.63;0.08;392.6;76.04;19.21;0.74;Концентрат флотации нитритного выщелачивания NV1_6;1;106;[];3;0;2026-01-06T09:37:49.073950;0;0;0;0;0;0;0;0;0;0;0;0;0;0;0;0;0;0;0
NV1-3-C;16.15;0.71;0.3;0.01;5.25;0.06;332.07;56.6;19.1;0.74;Камерный продукт флотации нитритного выщелачивания ТМ_1_3;1;107;[];3;0;2026-01-06T09:37:49.073950;0;0;0;0;0;0;0;0;0;0;0;0;0;0;0;0;0;0;0
NV1-6-0-1-I;10.66;0.27;0.22;0.13;2.43;0.04;279.69;43.06;13.25;0.45;Промежуточный продукт  флотации нитритного выщелачивания NV1_6;1;108;[];3;0;2026-01-06T09:37:49.073950;0;0;0;0;0;0;0;0;0;0;0;0;0;0;0;0;0;0;0
NV1-6-0-1-C;9.6;0.36;0.38;0.01;5.68;0.03;433.09;65.39;19.84;0.81;Камерный продукт флотации нитритного выщелачивания NV1_6;1;109;[];3;0;2026-01-06T09:37:49.073950;0;0;0;0;0;0;0;0;0;0;0;0;0;0;0;0;0;0;0
NVI_4_1_I;12.45;0.34;0.16;0.11;4.35;0.02;314.18;51.07;10.54;0.32;Промежуточный продукт флотации образца NV_1_4;1;110;[];3;0;2026-01-06T09:37:49.073950;0;0;0;0;0;0;0;0;0;0;0;0;0;0;0;0;0;0;0
T15_115_1_1_I;195.26;7.13;0;0;0.13;0;132.83;9.24;0.24;0.01;0;1;111;[];3;0;2026-01-06T09:37:49.073950;0;0;0;0;0;0;0;0;0;0;0;0;0;0;0;0;0;0;0
T17_105_2_1_I;189.4;6.5;0.01;0.01;0.14;0;73.62;2.34;0.26;0.01;0;1;112;[];3;0;2026-01-06T09:37:49.073950;0;0;0;0;0;0;0;0;0;0;0;0;0;0;0;0;0;0;0
T17_115_2_1_F;270.77;10.82;0.01;0.01;0.3;0.01;95.32;2.91;0.62;0.02;0;1;113;[];3;0;2026-01-06T09:37:49.073950;0;0;0;0;0;0;0;0;0;0;0;0;0;0;0;0;0;0;0
T15_105_2_1_F;161.11;4.83;0;0;0.08;0;129.62;9.85;0.15;0.01;0;1;114;[];3;0;2026-01-06T09:37:49.073950;0;0;0;0;0;0;0;0;0;0;0;0;0;0;0;0;0;0;0
NV_MCP_C;28.34;1.53;0.15;0.08;2.94;0.02;188.92;19.3;4.56;0.07;Камерный продукт атмосферного нитритного выщелачивания из МСП;1;115;[];3;0;2026-01-06T09:37:49.073950;0;0;0;0;0;0;0;0;0;0;0;0;0;0;0;0;0;0;0
NVI_4_1_F;6.95;0.18;0.38;0.18;11.2;0.11;353.08;66.87;31.79;1.35;Концентрат флотации образца NV_1_4;1;116;[];3;0;2026-01-06T09:37:49.073950;0;0;0;0;0;0;0;0;0;0;0;0;0;0;0;0;0;0;0
NVI_4_1_C;31.87;1.54;0.24;0.16;3.96;0.06;396.19;58.55;16.62;0.61;Камерный продукт флотации образца NV_1_4;1;117;[];3;0;2026-01-06T09:37:49.073950;0;0;0;0;0;0;0;0;0;0;0;0;0;0;0;0;0;0;0
T15_105_2_1_I;206.02;7.22;0;0;0.11;0;110.68;6.36;0.19;0.01;0;1;118;[];3;0;2026-01-06T09:37:49.073950;0;0;0;0;0;0;0;0;0;0;0;0;0;0;0;0;0;0;0
T17_115_2_1_I;211.48;6.92;0.01;0;0.19;0;55.12;1.53;0.47;0.01;0;1;119;[];3;0;2026-01-06T09:37:49.073950;0;0;0;0;0;0;0;0;0;0;0;0;0;0;0;0;0;0;0
T17_105_2_1_F;195.65;7.52;0.01;0.01;0.2;0.01;94.5;5.43;0.34;0.01;0;1;120;[];3;0;2026-01-06T09:37:49.073950;0;0;0;0;0;0;0;0;0;0;0;0;0;0;0;0;0;0;0
T13_110_A_1_F;218.18;7.41;0.02;0.01;0.37;0.01;54.87;1.58;1.19;0.03;эксперименты по нейтрализации разными нейтрализующими агентами а - гидроксид кальция b - карбонат  ab - смесь  F - c фильтрацией ;1;121;[];3;0;2026-01-06T09:37:49.073950;0;0;0;0;0;0;0;0;0;0;0;0;0;0;0;0;0;0;0
T13_110_АБ_1_F;256.04;9.3;0.02;0.02;0.38;0.01;67.78;1.83;1.35;0.03;0;1;122;[];3;0;2026-01-06T09:37:49.073950;0;0;0;0;0;0;0;0;0;0;0;0;0;0;0;0;0;0;0
T13_110_A_1_I;201.47;7.49;0.02;0.01;0.24;0;77.4;1.94;1.06;0.03;0;1;123;[];3;0;2026-01-06T09:37:49.073950;0;0;0;0;0;0;0;0;0;0;0;0;0;0;0;0;0;0;0
T13_110_АБ_1_C;181.68;5.8;0.02;0.01;0.29;0;69.61;3.61;1.08;0.03;0;1;124;[];3;0;2026-01-06T09:37:49.073950;0;0;0;0;0;0;0;0;0;0;0;0;0;0;0;0;0;0;0
T13_110_A_1_C;175.4;5.04;0.02;0.01;0.2;0;96.7;5.4;0.9;0.02;0;1;125;[];3;0;2026-01-06T09:37:49.073950;0;0;0;0;0;0;0;0;0;0;0;0;0;0;0;0;0;0;0
T13_110_АБ_1_I;191.36;5.9;0.02;0.02;0.33;0.01;84.25;4.82;1.34;0.03;0;1;126;[];3;0;2026-01-06T09:37:49.073950;0;0;0;0;0;0;0;0;0;0;0;0;0;0;0;0;0;0;0
T13_110_БF_1_C;0;0;0.03;0.04;2.26;0.01;185;83.35;1;0.01;0;1;127;[];3;0;2026-01-06T09:37:49.073950;0;0;0;0;0;0;0;0;0;0;0;0;0;0;0;0;0;0;0
T13_110_AF_1_C;0;0;0.09;0.02;2.15;0.02;233.21;105.06;4.16;0.05;0;1;128;[];3;0;2026-01-06T09:37:49.073950;0;0;0;0;0;0;0;0;0;0;0;0;0;0;0;0;0;0;0
Т13_110_АБf_1_C;0;0;0.03;0.05;2.34;0.01;202.51;91.89;0.23;0.01;0;1;129;[];3;0;2026-01-06T09:37:49.073950;0;0;0;0;0;0;0;0;0;0;0;0;0;0;0;0;0;0;0
T13_110_AF гипс;0;0;0.02;0.01;0.1;0;40.72;17.87;0.83;0.01;0;1;130;[];3;0;2026-01-06T09:37:49.073950;0;0;0;0;0;0;0;0;0;0;0;0;0;0;0;0;0;0;0
Т13_110_АБF гипс;0;0;0.02;0.01;0.14;0;43.62;19.09;1.01;0.01;0;1;131;[];3;0;2026-01-06T09:37:49.073950;0;0;0;0;0;0;0;0;0;0;0;0;0;0;0;0;0;0;0
Т13_110_af_I;0;0;0.08;0.02;1.99;0.01;212.38;95.8;3.5;0.05;0;1;132;[];3;0;2026-01-06T09:37:49.073950;0;0;0;0;0;0;0;0;0;0;0;0;0;0;0;0;0;0;0
T13_110_БF_гипс;0;0;0.02;0.01;0.1;0;32.98;14.39;0.89;0.01;0;1;133;[];3;0;2026-01-06T09:37:49.073950;0;0;0;0;0;0;0;0;0;0;0;0;0;0;0;0;0;0;0
Т13_110_qF_1_F;0;0;0.08;0.03;2.51;0.01;253.56;115.33;3.61;0.05;0;1;134;[];3;0;2026-01-06T09:37:49.073950;0;0;0;0;0;0;0;0;0;0;0;0;0;0;0;0;0;0;0
Т13_110_БF_1_F;0;0;0.05;0.05;3.28;0.06;218.24;99.07;1.26;0.02;0;1;135;[];3;0;2026-01-06T09:37:49.073950;0;0;0;0;0;0;0;0;0;0;0;0;0;0;0;0;0;0;0
Т13_110_АБF_1_I;0;0;0.04;0.05;2.71;0;225.23;102.79;0.23;0.01;0;1;136;[];3;0;2026-01-06T09:37:49.073950;0;0;0;0;0;0;0;0;0;0;0;0;0;0;0;0;0;0;0
Т13_110_АБF_1_F;0;0;0.04;0.05;2.72;0;219.99;100.75;0.27;0.01;0;1;137;[];3;0;2026-01-06T09:37:49.073950;0;0;0;0;0;0;0;0;0;0;0;0;0;0;0;0;0;0;0
Т13_110_БF_1_I;0;0;0.05;0.04;3.89;0.07;224.93;102.2;1.42;0.03;0;1;138;[];3;0;2026-01-06T09:37:49.073950;0;0;0;0;0;0;0;0;0;0;0;0;0;0;0;0;0;0;0
AV_1_4.2_F;0;0;0.5;0.05;1.68;0.01;81.66;26.23;22.73;0.47;Концентрат флотации после автоклавного выщелачивания с лигногуматом 4.2;1;139;[];3;0;2026-01-06T09:37:49.073950;0;0;0;0;0;0;0;0;0;0;0;0;0;0;0;0;0;0;0
AV_1_13.1_C;0;0;0.52;0.19;3.93;0.06;291.47;128.15;18.79;0.38;Концентрат флотации после автоклавного выщелачивания с лигногуматом 13_1;1;140;[];3;0;2026-01-06T09:37:49.073950;0;0;0;0;0;0;0;0;0;0;0;0;0;0;0;0;0;0;0
NV1_5_1_C;0;0;0.22;0.09;1.78;0.02;285.93;129.52;9.88;0.18;Камерный продукт флотации нитритного NV_1_5;1;141;[];3;0;2026-01-06T09:37:49.073950;0;0;0;0;0;0;0;0;0;0;0;0;0;0;0;0;0;0;0
NV1_7_F;0;0;0.66;0.2;11.22;0.18;307.98;131.73;28.63;0.65;Концентрат флотации нитритного выщелачивания NV_1_7;1;142;[];3;0;2026-01-06T09:37:49.073950;0;0;0;0;0;0;0;0;0;0;0;0;0;0;0;0;0;0;0
LST_3_C;146.25;3.23;0;0.01;0.04;0;46.23;0.95;0.51;0;Камерный продукт третьего образца эксперимента по снижению ЛСТ;1;143;[];3;0;2026-01-06T09:37:49.073950;0;0;0;0;0;0;0;0;0;0;0;0;0;0;0;0;0;0;0
NV1_5_I;0;0;0.39;0.17;4.71;0.08;292.7;127.29;18.15;0.35;Промежуточный продукт флотации нитритного выщелачивания NV_1_5;1;144;[];3;0;2026-01-06T09:37:49.073950;0;0;0;0;0;0;0;0;0;0;0;0;0;0;0;0;0;0;0
NV1_7_I;0;0;0.64;0.17;5.09;0.04;269.74;113.96;26.49;0.61;Промежуточный продукт флотации нитритного выщелачивания NV_1_7;1;145;[];3;0;2026-01-06T09:37:49.073950;0;0;0;0;0;0;0;0;0;0;0;0;0;0;0;0;0;0;0
ISO_4_I;181.9;3.1;0.01;0.01;0.07;0;56.57;0.92;0.46;0;Промежуточный продукт флотации образца САВ нейтрализованного ИСО до ph 4;1;146;[];3;0;2026-01-06T09:37:49.073950;0;0;0;0;0;0;0;0;0;0;0;0;0;0;0;0;0;0;0
ISO_4_F;21.6;0.11;0.05;0.02;0.57;0;48.65;1.12;2.36;0.01;Концентрат флотации образца САВ нейтрализованного ИСО до ph 4;1;147;[];3;0;2026-01-06T09:37:49.073950;0;0;0;0;0;0;0;0;0;0;0;0;0;0;0;0;0;0;0
ISO_4_C;171.21;5.04;0;0.01;0.03;0;37.85;0.34;0.3;0;Камерный продукт флотации образца САВ нейтрализованного ИСО до ph 4;1;148;[];3;0;2026-01-06T09:37:49.073950;0;0;0;0;0;0;0;0;0;0;0;0;0;0;0;0;0;0;0
NV_1_7_C;14.1;0.06;0.5;0.13;2.42;0.03;368.87;23.84;20.8;0.26;Камерный продукт флотации нитритного выщелачивания NV_1_7;1;149;[];3;0;2026-01-06T09:37:49.073950;0;0;0;0;0;0;0;0;0;0;0;0;0;0;0;0;0;0;0
S_0_C;143.99;2.5;0;0.02;0.09;0;76.52;1.32;0.29;0;Камерный продукт флотации без добавления серы;1;150;[];3;0;2026-01-06T09:37:49.073950;0;0;0;0;0;0;0;0;0;0;0;0;0;0;0;0;0;0;0
S_1_C;146.21;2.75;0;0.01;0.08;0;67.25;1.36;0.24;0;Камерный продукт флотации с добавлением 0.1 г серы;1;151;[];3;0;2026-01-06T09:37:49.073950;0;0;0;0;0;0;0;0;0;0;0;0;0;0;0;0;0;0;0
S_2_C;133.54;7.43;0;0.03;0.04;0;116.06;1.65;0.39;0;Камерный продукт флотации с добавлением 0.2г серы;1;152;[];3;0;2026-01-06T09:37:49.073950;0;0;0;0;0;0;0;0;0;0;0;0;0;0;0;0;0;0;0
S_3_I;108.72;5.91;0;0.03;0.21;0;125.08;6.46;0.66;0.01;Промежуточный продукт флотации с добавлением 0.3г серы;1;153;[];3;0;2026-01-06T09:37:49.073950;0;0;0;0;0;0;0;0;0;0;0;0;0;0;0;0;0;0;0
S_3_C;153.1;2.94;0;0.02;0.05;0;81.73;0.94;0.59;0;Камерный продукт флотации с добавлением 0.3г серы;1;154;[];3;0;2026-01-06T09:37:49.073950;0;0;0;0;0;0;0;0;0;0;0;0;0;0;0;0;0;0;0
S_4_I;114.92;6.58;0;0.03;0.29;0;112.71;1.99;0.33;0.01;промежуточный продукт флотации с добавлением 0.4г серы;1;155;[];3;0;2026-01-06T09:37:49.073950;0;0;0;0;0;0;0;0;0;0;0;0;0;0;0;0;0;0;0
S_4_C;145.66;4.27;0;0.01;0.05;0;70.19;0.69;0.21;0;Камерный продукт флотации с добавлением 0.4г серы;1;156;[];3;0;2026-01-06T09:37:49.073950;0;0;0;0;0;0;0;0;0;0;0;0;0;0;0;0;0;0;0
NV_1_7_C*5;14.5;0.04;0.5;0.17;2.34;0.01;357.86;6.71;20.62;0.1;Камерный продукт флотации нитритного выщелачивания NV_1_7;1;157;[];3;0;2026-01-06T09:37:49.073950;0;0;0;0;0;0;0;0;0;0;0;0;0;0;0;0;0;0;0
LST_2_C;138.1;3.48;0;0.02;0.04;0;57.4;1.46;0.63;0.01;Камерный продукт второго образца эксперимента по снижению ЛСТ;1;158;[];3;0;2026-01-06T09:37:49.073950;0;0;0;0;0;0;0;0;0;0;0;0;0;0;0;0;0;0;0
LST_2_I;131.79;7.81;0.05;0.04;0.33;0;120.82;5.73;1.52;0.01;Промежуточный продукт флотации второго образца эксперимента по снижению ЛСТ;1;159;[];3;0;2026-01-06T09:37:49.073950;0;0;0;0;0;0;0;0;0;0;0;0;0;0;0;0;0;0;0
LST_1_I;175.99;4.93;0.02;0.02;0.22;0;50.81;1.08;1.92;0.01;Промежуточный продукт флотации первого образца эксперимента по снижению ЛСТ;1;160;[];3;0;2026-01-06T09:37:49.073950;0;0;0;0;0;0;0;0;0;0;0;0;0;0;0;0;0;0;0
LST_1_F;53.45;0.39;0.21;0.03;1.69;0.01;69.52;1.73;9.25;0.1;Концентрат флотации 1го образца эксперимента по снижению ЛСТ;1;161;[];3;0;2026-01-06T09:37:49.073950;0;0;0;0;0;0;0;0;0;0;0;0;0;0;0;0;0;0;0
LST_3_I;143.84;3.02;0.02;0.04;0.21;0;145.41;10.75;2.43;0.02;промежуточный продукт третьего образца эксперимента по снижению ЛСТ;1;162;[];3;0;2026-01-06T09:37:49.073950;0;0;0;0;0;0;0;0;0;0;0;0;0;0;0;0;0;0;0
LST_1_C;192.68;6.01;0;0;0.05;0;33.75;0.64;0.62;0;Камерный продукт первого образца эксперимента по снижению ЛСТ;1;163;[];3;0;2026-01-06T09:37:49.073950;0;0;0;0;0;0;0;0;0;0;0;0;0;0;0;0;0;0;0
LST_2_F;8.27;0.07;0.83;0.06;2.45;0.02;150.13;10.52;17.11;0.23;концентрат флотации второго образца эксперимента по снижени ЛСТ;1;164;[];3;0;2026-01-06T09:37:49.073950;0;0;0;0;0;0;0;0;0;0;0;0;0;0;0;0;0;0;0
LST_3_F;12.06;0.17;0.18;0.11;2.38;0;345.8;9.45;9.5;0.1;концентрат флотации третьего образца эксперимента по снижению ЛСТ;1;165;[];3;0;2026-01-06T09:37:49.073950;0;0;0;0;0;0;0;0;0;0;0;0;0;0;0;0;0;0;0
T12_115_0_1;396.84;15.7;0.97;0.02;0.11;0.01;11135;499.01;1.64;0.01;0;0;166;[];3;1;2026-01-06T09:37:49.073950;0;0;0;0;0;0;0;0;0;0;0;0;0;0;0;0;0;0;0
T12_120_0_1;402.08;15.82;0.85;0.02;0.26;0.03;11394.5;509.18;3.19;0.01;0;0;167;[];3;1;2026-01-06T09:37:49.073950;0;0;0;0;0;0;0;0;0;0;0;0;0;0;0;0;0;0;0
AOB1_1_1;342.16;13.04;0.16;0;0.06;0.01;2850.75;41.34;5.53;0.01;раствор после  сульфидизации образца AV_1_1;0;168;[];3;1;2026-01-06T09:37:49.073950;0;0;0;0;0;0;0;0;0;0;0;0;0;0;0;0;0;0;0
AV11_110;277.06;8.21;9.99;0.02;900.15;11.65;13306;683.35;453.08;2.88;Раствор САВ образца AV11;0;169;[];3;1;2026-01-06T09:37:49.073950;0;0;0;0;0;0;0;0;0;0;0;0;0;0;0;0;0;0;0
AV11_110_1;286.34;9.6;2.72;0.02;215.15;2.88;7708.5;252.57;120.74;0.45;Раствор после сульфидизации раствора САВ из образца AV11;0;170;[];3;1;2026-01-06T09:37:49.073950;0;0;0;0;0;0;0;0;0;0;0;0;0;0;0;0;0;0;0
AV_1_42;397.76;17;2.9;0.02;11.42;0.06;3304.5;55.37;571.9;3.44;Раствор АОВ при использовании в качестве ПАВ лигногумата 4.2;0;171;[];3;1;2026-01-06T09:37:49.073950;0;0;0;0;0;0;0;0;0;0;0;0;0;0;0;0;0;0;0
AV_1_102;317.24;11.77;0.61;0.01;4.41;0.03;1117.35;12.53;125.36;0.48;Раствор АОВ при использовании в качестве ПАВ лигногумата 10.2;0;172;[];3;1;2026-01-06T09:37:49.073950;0;0;0;0;0;0;0;0;0;0;0;0;0;0;0;0;0;0;0
AV_1_131;389.32;16.68;1.15;0.01;19.49;0.12;2485.5;36;183.18;0.91;Раствор АОВ при использовании в качестве ПАВ лигногумата 13.1;0;173;[];3;1;2026-01-06T09:37:49.073950;0;0;0;0;0;0;0;0;0;0;0;0;0;0;0;0;0;0;0
обезм. Р-р;151.66;2.01;8.65;0.57;2885;60.67;494.65;13.47;11225;210.63;ОМР раствор привезенный с практики;0;174;[];3;1;2026-01-06T09:37:49.073950;0;0;0;0;0;0;0;0;0;0;0;0;0;0;0;0;0;0;0
NV_M3I;218.62;5.57;4.11;0.02;44.97;0.38;10750.75;486.14;231.94;1.26;Раствор атмосферного нитритного выщелачивания из МСП;0;175;[];3;1;2026-01-06T09:37:49.073950;0;0;0;0;0;0;0;0;0;0;0;0;0;0;0;0;0;0;0
NV_AV1;202.72;4.92;6.22;0.05;56.41;0.48;7985.75;275.55;231.6;1.3;Раствор атмосферного нитритного выщелачивания из AV1;0;176;[];3;1;2026-01-06T09:37:49.073950;0;0;0;0;0;0;0;0;0;0;0;0;0;0;0;0;0;0;0
NV_KSH;43.46;17.5;0.42;0.21;0.77;0.03;460.64;70.95;103;1.85;Раствор нитритного автоклавного выщелачивания  3;0;177;[];3;1;2026-01-06T09:37:49.073950;0;0;0;0;0;0;0;0;0;0;0;0;0;0;0;0;0;0;0
NV1_1*10;58.68;0.29;0.34;0.02;1.67;0.01;648.82;1.89;122.46;0.14;0;0;178;[];3;1;2026-01-06T09:37:49.073950;0;0;0;0;0;0;0;0;0;0;0;0;0;0;0;0;0;0;0
NV1_2*10;74.07;0.35;5.54;0.07;41.88;0.09;881.7;2.72;294.04;0.36;0;0;179;[];3;1;2026-01-06T09:37:49.073950;0;0;0;0;0;0;0;0;0;0;0;0;0;0;0;0;0;0;0
NV_KSH*10;57.97;0.31;0.43;0.02;0.86;0;645.5;1.65;113.54;0.13;0;0;180;[];3;1;2026-01-06T09:37:49.073950;0;0;0;0;0;0;0;0;0;0;0;0;0;0;0;0;0;0;0
аов 1.2-1-f;4.27;0.01;0.91;0.01;34.08;0.04;168.91;0.4;38.23;0.04;Пульпа автоклавного окислительного выщелачивания с начальной плотностью 1.2 после сульфидизации;0;181;[];3;1;2026-01-06T09:37:49.073950;0;0;0;0;0;0;0;0;0;0;0;0;0;0;0;0;0;0;0
nm1;590;40;0.9;0.3;27;1;5808;651;38;0.3;Образцы после нейтрализации модельной пульпы САВ до pH 1-3.5 смесью карбоната и гидроксида кальция. Nm 0 - исходный образец;0;182;[];3;1;2026-01-06T09:37:49.073950;0;0;0;0;0;0;0;0;0;0;0;0;0;0;0;0;0;0;0
nm2;610;40;1;0.4;31;1;5721;636;43;0.3;0;0;183;[];3;1;2026-01-06T09:37:49.073950;0;0;0;0;0;0;0;0;0;0;0;0;0;0;0;0;0;0;0
nm1.5;630;40;1;0.3;35;1;6037;767;49;0.3;0;0;184;[];3;1;2026-01-06T09:37:49.073950;0;0;0;0;0;0;0;0;0;0;0;0;0;0;0;0;0;0;0
nm2.5;450;30;0.6;0.1;19;0;441;9;32;0.1;0;0;185;[];3;1;2026-01-06T09:37:49.073950;0;0;0;0;0;0;0;0;0;0;0;0;0;0;0;0;0;0;0
nm3.5;510;40;0.9;0;8;0;553;0.4;41;0.14;0;0;186;[];3;1;2026-01-06T09:37:49.073950;0;0;0;0;0;0;0;0;0;0;0;0;0;0;0;0;0;0;0
nm0;410;10;3;0.8;102;1;6254;920;121;0.8;0;0;187;[];3;1;2026-01-06T09:37:49.073950;0;0;0;0;0;0;0;0;0;0;0;0;0;0;0;0;0;0;0
Т13 205 100;60;0;0;0.1;7;0;3956;402;22;0;0;0;188;[];3;1;2026-01-06T09:37:49.073950;0;0;0;0;0;0;0;0;0;0;0;0;0;0;0;0;0;0;0
Т13 205 10;510;10;5;0.2;66;2;6311;923;167;0.5;0;0;189;[];3;1;2026-01-06T09:37:49.073950;0;0;0;0;0;0;0;0;0;0;0;0;0;0;0;0;0;0;0
Т13 105;360;10;5;0.3;76;2;6238;926;188;0.8;0;0;190;[];3;1;2026-01-06T09:37:49.073950;0;0;0;0;0;0;0;0;0;0;0;0;0;0;0;0;0;0;0
Т13 305;540;20;4;0.6;43;1;6306;900;144;1.1;0;0;191;[];3;1;2026-01-06T09:37:49.073950;0;0;0;0;0;0;0;0;0;0;0;0;0;0;0;0;0;0;0
Т13_115;400;10;6;0.3;87;2;6283;898;208;0.9;0;0;192;[];3;1;2026-01-06T09:37:49.073950;0;0;0;0;0;0;0;0;0;0;0;0;0;0;0;0;0;0;0
Т13_215;500;10;5;0.2;79;1;6306;916;189;0.4;0;0;193;[];3;1;2026-01-06T09:37:49.073950;0;0;0;0;0;0;0;0;0;0;0;0;0;0;0;0;0;0;0
Т13_315;490;10;4;0.6;44;1;6362;954;157;0.8;0;0;194;[];3;1;2026-01-06T09:37:49.073950;0;0;0;0;0;0;0;0;0;0;0;0;0;0;0;0;0;0;0
Т13_120;280;10;6;0.4;93;1;6293;907;216;0.7;0;0;195;[];3;1;2026-01-06T09:37:49.073950;0;0;0;0;0;0;0;0;0;0;0;0;0;0;0;0;0;0;0
Т13_220;470;10;6;0.4;97;2;6252;943;229;0.4;0;0;196;[];3;1;2026-01-06T09:37:49.073950;0;0;0;0;0;0;0;0;0;0;0;0;0;0;0;0;0;0;0
Т13_320;490;10;5;1;46;1;6293;911;172;0.8;0;0;197;[];3;1;2026-01-06T09:37:49.073950;0;0;0;0;0;0;0;0;0;0;0;0;0;0;0;0;0;0;0
Т13_205;450;20;5;0.4;74;1;6209;948;186;0.4;0;0;198;[];3;1;2026-01-06T09:37:49.073950;0;0;0;0;0;0;0;0;0;0;0;0;0;0;0;0;0;0;0
Т13_305;540;10;5;0.8;51;1;6271;891;165;1.1;0;0;199;[];3;1;2026-01-06T09:37:49.073950;0;0;0;0;0;0;0;0;0;0;0;0;0;0;0;0;0;0;0
Т13_210;480;10;5;0.5;71;2;6251;899;177;0.4;0;0;200;[];3;1;2026-01-06T09:37:49.073950;0;0;0;0;0;0;0;0;0;0;0;0;0;0;0;0;0;0;0
Т13_310;500;10;4;0.6;45;1;6247;874;143;0.8;0;0;201;[];3;1;2026-01-06T09:37:49.073950;0;0;0;0;0;0;0;0;0;0;0;0;0;0;0;0;0;0;0
Т13_175;270;20;5;0.3;71;1;6222;833;183;0.7;0;0;202;[];3;1;2026-01-06T09:37:49.073950;0;0;0;0;0;0;0;0;0;0;0;0;0;0;0;0;0;0;0
AV_1_1-s;393.97;20.58;35.26;0.17;296.25;6.81;1405.6;7.78;1423.6;3.55;раствор автоклавного выщелачивания с выборгским лигногуматом;0;203;[];3;1;2026-01-06T09:37:49.073950;0;0;0;0;0;0;0;0;0;0;0;0;0;0;0;0;0;0;0
NV_AV1-S;111.48;2.33;1.36;0.13;0.13;0.01;4934.4;103.48;22.84;0.05;Нитритное атмосферное выщелачивание из образца AV 1;0;204;[];3;1;2026-01-06T09:37:49.073950;0;0;0;0;0;0;0;0;0;0;0;0;0;0;0;0;0;0;0
NV1_3_0_1-S;310.5;14.35;0.59;0.08;0.06;0.01;2972.2;28.19;16.42;0.02;Раствор нитритного автоклавного выщелачивания NV_1_3 после сульфидизации;0;205;[];3;1;2026-01-06T09:37:49.073950;0;0;0;0;0;0;0;0;0;0;0;0;0;0;0;0;0;0;0
NV_MSP-S;199.62;6.99;1.74;0.18;2.42;0.04;6304;167.88;29.88;0.06;Раствор атмосферного нитритного выщелачивания из МСП;0;206;[];3;1;2026-01-06T09:37:49.073950;0;0;0;0;0;0;0;0;0;0;0;0;0;0;0;0;0;0;0
АОВ_1.2_1-S;244.41;10;0.18;0.03;0.1;0;1181.6;5.62;0.89;0.01;раствор аов с начальной плотностью 1.2 после сульфидизации;0;207;[];3;1;2026-01-06T09:37:49.073950;0;0;0;0;0;0;0;0;0;0;0;0;0;0;0;0;0;0;0
AV_12-1-1-S;285.16;12.64;1.44;0.11;0.5;0.02;4900.8;98.26;22.45;0.05;Раствор САВ образца AV 12 после сульфидизации;0;208;[];3;1;2026-01-06T09:37:49.073950;0;0;0;0;0;0;0;0;0;0;0;0;0;0;0;0;0;0;0
AV-1-1-1-S;323.87;15.29;0.79;0.13;0.1;0;3993.4;57.3;5.11;0.03;Раствор АОВ с использованием выборгского ЛСТ после сульфидизации;0;209;[];3;1;2026-01-06T09:37:49.073950;0;0;0;0;0;0;0;0;0;0;0;0;0;0;0;0;0;0;0
AV-1-42-1-S;297.1;13.66;0.61;0.01;0.11;0.01;1638.2;10.26;86.96;0.1;Раствор автоклавного выщелачивания с использованием лигногумата 4.2 после сульфидизации;0;210;[];3;1;2026-01-06T09:37:49.073950;0;0;0;0;0;0;0;0;0;0;0;0;0;0;0;0;0;0;0
AV13-2-1-S;293.97;13.06;1.66;0.07;0.59;0.02;4580.2;80.71;15.24;0.04;Раствор САВ образца AV 13 после сульфидизации;0;211;[];3;1;2026-01-06T09:37:49.073950;0;0;0;0;0;0;0;0;0;0;0;0;0;0;0;0;0;0;0
NV1-2-0-1-S;322.75;14.89;0.87;0.15;0.17;0.02;4439.4;72.13;2.69;0.03;Раствор нитритного выщелачивания NV1_2 после сульфидизации;0;212;[];3;1;2026-01-06T09:37:49.073950;0;0;0;0;0;0;0;0;0;0;0;0;0;0;0;0;0;0;0
AV_1_131_1-S;290.43;12.49;0.35;0.05;0.04;0.01;1904.6;10.14;24.96;0.03;Раствор автоклавного выщелачивания с использованием лигногумата 13.1 после сульфидизации;0;213;[];3;1;2026-01-06T09:37:49.073950;0;0;0;0;0;0;0;0;0;0;0;0;0;0;0;0;0;0;0
AOB_1.3_1-S;249.73;9.88;0.28;0.03;1.64;0.01;1304;6.54;6.63;0.01;раствор аов с начальной плотностью 1.3 после сульфидизации;0;214;[];3;1;2026-01-06T09:37:49.073950;0;0;0;0;0;0;0;0;0;0;0;0;0;0;0;0;0;0;0
T13_110 (27.11.25) 1;188.79;5.41;9.88;0.38;79.62;1.44;10591.8;505.62;244.64;0.67;0;0;215;[];3;1;2026-01-06T09:37:49.073950;0;0;0;0;0;0;0;0;0;0;0;0;0;0;0;0;0;0;0
T13_110 (27.11.25) 2;181.97;5.17;9.3;0.38;74.79;1.32;10555.4;521.88;226.42;0.64;0;0;216;[];3;1;2026-01-06T09:37:49.073950;0;0;0;0;0;0;0;0;0;0;0;0;0;0;0;0;0;0;0
T13_110 (27.11.25) 3;199.65;6.05;10;0.4;79.02;1.44;10705.6;525.17;242.92;0.69;0;0;217;[];3;1;2026-01-06T09:37:49.073950;0;0;0;0;0;0;0;0;0;0;0;0;0;0;0;0;0;0;0
T13_215_0_1-S;365.83;18.65;2.73;0.32;0.17;0.01;8038;321.61;10.38;0.1;0;0;218;[];3;1;2026-01-06T09:37:49.073950;0;0;0;0;0;0;0;0;0;0;0;0;0;0;0;0;0;0;0
T13_220_0_1-S;380.01;20.29;2.55;0.36;14.54;0.02;7960.8;325.97;6.33;0.1;0;0;219;[];3;1;2026-01-06T09:37:49.073950;0;0;0;0;0;0;0;0;0;0;0;0;0;0;0;0;0;0;0
T13_315_0_1-S;290.51;13.01;1.27;0.22;0.13;0.01;5987;163.13;1.42;0.05;0;0;220;[];3;1;2026-01-06T09:37:49.073950;0;0;0;0;0;0;0;0;0;0;0;0;0;0;0;0;0;0;0
T13_310_0_1-S;275.57;12.17;1.02;0.17;0.12;0.01;5086.8;113.54;2.42;0.03;0;0;221;[];3;1;2026-01-06T09:37:49.073950;0;0;0;0;0;0;0;0;0;0;0;0;0;0;0;0;0;0;0
T13_310_3_0_1-S;281.75;12.52;1.16;0.19;0.17;0.02;5614.2;141.57;1.56;0.04;0;0;222;[];3;1;2026-01-06T09:37:49.073950;0;0;0;0;0;0;0;0;0;0;0;0;0;0;0;0;0;0;0
T15_110_1_1-S;315.02;14.2;2.93;0.46;0.16;0.02;8842.4;384.81;3.1;0.13;0;0;223;[];3;1;2026-01-06T09:37:49.073950;0;0;0;0;0;0;0;0;0;0;0;0;0;0;0;0;0;0;0
T15_210_1_1-S;286.95;12.6;1.17;0.19;0.14;0.01;5797.2;145.66;0.3;0.04;0;0;224;[];3;1;2026-01-06T09:37:49.073950;0;0;0;0;0;0;0;0;0;0;0;0;0;0;0;0;0;0;0
T15_310_1_1-S;286.91;12.66;0.94;0.15;0.12;0;4839;94.48;0.97;0.03;0;0;225;[];3;1;2026-01-06T09:37:49.073950;0;0;0;0;0;0;0;0;0;0;0;0;0;0;0;0;0;0;0
T15_110-S;192.69;6.24;6.92;0.6;26.88;0.02;9385.2;452;118.46;0.42;0;0;226;[];3;1;2026-01-06T09:37:49.073950;0;0;0;0;0;0;0;0;0;0;0;0;0;0;0;0;0;0;0
T15_210-S;456.5;25.49;5.08;0.48;22.67;0.02;9306;426.5;69.1;0.25;0;0;227;[];3;1;2026-01-06T09:37:49.073950;0;0;0;0;0;0;0;0;0;0;0;0;0;0;0;0;0;0;0
T15_310-S;389.21;20.91;2.02;0.2;17.52;0.03;6542.4;195;20.37;0.07;0;0;228;[];3;1;2026-01-06T09:37:49.073950;0;0;0;0;0;0;0;0;0;0;0;0;0;0;0;0;0;0;0
T15_105_2_1-S;345.14;17.09;2.32;0.33;0.16;0.02;7899.8;312.44;1.45;0.09;0;0;229;[];3;1;2026-01-06T09:37:49.073950;0;0;0;0;0;0;0;0;0;0;0;0;0;0;0;0;0;0;0
T15_115_1_1-S;414.4;22.04;2.84;0.42;1.13;0.09;8878;379.81;1.98;0.13;0;0;230;[];3;1;2026-01-06T09:37:49.073950;0;0;0;0;0;0;0;0;0;0;0;0;0;0;0;0;0;0;0
T15_105-S;188.78;6.18;5.93;0.54;22.64;0.03;9194;447.11;97.5;0.36;0;0;231;[];3;1;2026-01-06T09:37:49.073950;0;0;0;0;0;0;0;0;0;0;0;0;0;0;0;0;0;0;0
T15_115-S;233.45;8.25;7.03;0.62;28.93;0.06;10002;487.97;117.78;0.44;0;0;232;[];3;1;2026-01-06T09:37:49.073950;0;0;0;0;0;0;0;0;0;0;0;0;0;0;0;0;0;0;0
T13_110_a_1-S;299.54;13.76;1.83;0.29;0.15;0.02;7132.6;251.49;1.4;0.07;0;0;233;[];3;1;2026-01-06T09:37:49.073950;0;0;0;0;0;0;0;0;0;0;0;0;0;0;0;0;0;0;0
T13_110_b_1-S;319.51;15.08;3.23;0.25;0.3;0.03;7824.8;306.65;54.46;0.12;0;0;234;[];3;1;2026-01-06T09:37:49.073950;0;0;0;0;0;0;0;0;0;0;0;0;0;0;0;0;0;0;0
T13_110_ab_1-S;309.12;14.75;2.64;0.23;0.22;0.01;7213.4;260.2;33.89;0.09;0;0;235;[];3;1;2026-01-06T09:37:49.073950;0;0;0;0;0;0;0;0;0;0;0;0;0;0;0;0;0;0;0
T17_105_2_1-S;292.7;13.41;1.44;0.22;0.17;0.01;5994.2;166.8;0.5;0.05;0;0;236;[];3;1;2026-01-06T09:37:49.073950;0;0;0;0;0;0;0;0;0;0;0;0;0;0;0;0;0;0;0
T17_110_1_1-S;308.06;14.6;2.4;0.24;0.14;0.02;6960.6;238.9;1.33;0.07;0;0;237;[];3;1;2026-01-06T09:37:49.073950;0;0;0;0;0;0;0;0;0;0;0;0;0;0;0;0;0;0;0
T17_115_2_1-S;325.05;15.25;3.92;0.23;0.17;0.02;8150.4;324.92;5.42;0.1;0;0;238;[];3;1;2026-01-06T09:37:49.073950;0;0;0;0;0;0;0;0;0;0;0;0;0;0;0;0;0;0;0
T17_105-S;163.43;4.77;9.38;0.08;57.23;0.86;9103.2;413.39;198.38;0.48;0;0;239;[];3;1;2026-01-06T09:37:49.073950;0;0;0;0;0;0;0;0;0;0;0;0;0;0;0;0;0;0;0
T17_110-S;167.65;4.91;9.26;0.08;55.45;0.78;9247.8;419.64;195.46;0.48;0;0;240;[];3;1;2026-01-06T09:37:49.073950;0;0;0;0;0;0;0;0;0;0;0;0;0;0;0;0;0;0;0
T17_115-S;203.05;6.92;9.93;0.09;48.3;0.54;9443.8;444.14;203.44;0.53;0;0;241;[];3;1;2026-01-06T09:37:49.073950;0;0;0;0;0;0;0;0;0;0;0;0;0;0;0;0;0;0;0
Т13_110_0_1;592;7.64;0.31;0.3;0;0;5999;1024.69;0.04;0;0;0;242;[];3;1;2026-01-06T09:37:49.073950;0;0;0;0;0;0;0;0;0;0;0;0;0;0;0;0;0;0;0
Т13_175_0_1;592.95;8.84;0.41;0.34;0;0;6639.5;846.41;0.8;0.02;0;0;243;[];3;1;2026-01-06T09:37:49.073950;0;0;0;0;0;0;0;0;0;0;0;0;0;0;0;0;0;0;0
Т13_205_1;536.15;6.86;0.17;0.17;0;0;5641.67;862.07;0.33;0.03;0;0;244;[];3;1;2026-01-06T09:37:49.073950;0;0;0;0;0;0;0;0;0;0;0;0;0;0;0;0;0;0;0
Т13_210_0_1;540;6.51;0.78;0.18;0;0;5984.67;1006.24;6.67;0.01;0;0;245;[];3;1;2026-01-06T09:37:49.073950;0;0;0;0;0;0;0;0;0;0;0;0;0;0;0;0;0;0;0
Т13_275;536.35;5.44;5.2;0.18;74.45;1.24;6100.33;1241.07;183.8;0;0;0;246;[];3;1;2026-01-06T09:37:49.073950;0;0;0;0;0;0;0;0;0;0;0;0;0;0;0;0;0;0;0
Т13_275_0_1;531;5.37;0.24;0.13;0;0;5807;919.44;0.34;0.02;0;0;247;[];3;1;2026-01-06T09:37:49.073950;0;0;0;0;0;0;0;0;0;0;0;0;0;0;0;0;0;0;0
Т13_305_1_1;489.3;3.96;0;0;0;0;4730;534.07;0.39;0.04;0;0;248;[];3;1;2026-01-06T09:37:49.073950;0;0;0;0;0;0;0;0;0;0;0;0;0;0;0;0;0;0;0
Т13_375;619.55;7.71;4.27;0.63;46.04;1.31;6145.33;1168.63;151.85;0.35;0;0;249;[];3;1;2026-01-06T09:37:49.073950;0;0;0;0;0;0;0;0;0;0;0;0;0;0;0;0;0;0;0
Т13_375_0_1;488.4;4.81;0.07;0;0;0;5089.33;636.13;0.7;0.05;0;0;250;[];3;1;2026-01-06T09:37:49.073950;0;0;0;0;0;0;0;0;0;0;0;0;0;0;0;0;0;0;0
PV1;0;0;169.52;8.22;831.8;42;6287;1347.39;4679.25;425.96;Жидкая фаза пульпы выщелаяивания 1;0;251;[];3;1;2026-01-06T09:37:49.073950;0;0;0;0;0;0;0;0;0;0;0;0;0;0;0;0;0;0;0
PV2;0;0;199.4;11.95;1115;4.24;7710.4;1960.91;5561.5;572.02;Жидкая фаза пульпы выщелаяивания 2;0;252;[];3;1;2026-01-06T09:37:49.073950;0;0;0;0;0;0;0;0;0;0;0;0;0;0;0;0;0;0;0
PO1;0;0;2.56;3.92;0.1;0.12;11236.6;6259.95;9.32;1.32;Жидкая фаза пульпы осаждения цв. Металлов 1;0;253;[];3;1;2026-01-06T09:37:49.073950;0;0;0;0;0;0;0;0;0;0;0;0;0;0;0;0;0;0;0
PO2;0;0;2.5;3.77;0.04;0;10721;6076.76;3.15;1.21;Жидкая фаза пульпы осаждения цв. Металлов 2;0;254;[];3;1;2026-01-06T09:37:49.073950;0;0;0;0;0;0;0;0;0;0;0;0;0;0;0;0;0;0;0
PO3;0;0;2.59;3.97;0.04;0.01;10985.6;6219.02;3.04;1.24;Жидкая фаза пульпы осаждения цв. Металлов 3;0;255;[];3;1;2026-01-06T09:37:49.073950;0;0;0;0;0;0;0;0;0;0;0;0;0;0;0;0;0;0;0
FO;0;0;12.9;1.08;0.19;0.05;2093.6;749.34;416.55;9.03;Жидкая фаза пульпы железоочистки;0;256;[];3;1;2026-01-06T09:37:49.073950;0;0;0;0;0;0;0;0;0;0;0;0;0;0;0;0;0;0;0
TO;0;0;0.56;0.04;0.03;0;94.28;24.58;38.68;0.61;жидкая фаза хвостов отвальных;0;257;[];3;1;2026-01-06T09:37:49.073950;0;0;0;0;0;0;0;0;0;0;0;0;0;0;0;0;0;0;0
IM;0;0;0.01;0.01;0.03;0;0.45;0.2;0.01;0.01;жидкая фаза известкого молока НН;0;258;[];3;1;2026-01-06T09:37:49.073950;0;0;0;0;0;0;0;0;0;0;0;0;0;0;0;0;0;0;0
AV_1_4.2.;0;0;0.12;0.06;1.34;0.03;808.06;360.57;2.8;0.07;Раствор выщелачивания АОВ при использовании в качестве ПАВ лигногумата 4.2;0;259;[];3;1;2026-01-06T09:37:49.073950;0;0;0;0;0;0;0;0;0;0;0;0;0;0;0;0;0;0;0
LST_1;0;0;4.91;1.55;0.03;0.01;10758.6;6126.26;35.16;1.69;Сульфидизированный образец LST B повторность 1 (спустя ночь);0;260;[];3;1;2026-01-06T09:37:49.073950;0;0;0;0;0;0;0;0;0;0;0;0;0;0;0;0;0;0;0
LST_2;0;0;2.15;2.55;0.04;0;8972;4607.35;3.53;0.79;Сульфидизированный образец LST B повторность 2 ;0;261;[];3;1;2026-01-06T09:37:49.073950;0;0;0;0;0;0;0;0;0;0;0;0;0;0;0;0;0;0;0
LST_3;0;0;4.73;1.86;0.03;0.01;10495.6;5868.97;43.92;1.72;Сульфидизированный образец LST B повторность 3 (спустя ночь);0;262;[];3;1;2026-01-06T09:37:49.073950;0;0;0;0;0;0;0;0;0;0;0;0;0;0;0;0;0;0;0
LST_A;0;0;14.97;2.2;33.82;1.39;13091.2;7896.19;436.05;11.16;Пульпа САВ из TF1 применяемая в эксперименте по снижению ЛСТ;0;263;[];3;1;2026-01-06T09:37:49.073950;0;0;0;0;0;0;0;0;0;0;0;0;0;0;0;0;0;0;0
LST_B;0;0;7.65;0.6;15.43;0.64;11680;6607.48;215.4;5.25;LST_A после нейтрализации до pH 2 пульпой CaCO3;0;264;[];3;1;2026-01-06T09:37:49.073950;0;0;0;0;0;0;0;0;0;0;0;0;0;0;0;0;0;0;0
NV1_7;0;0;3.05;4.35;0.77;0.49;11443.8;6631.57;6.48;1.51;Раствор автоклавного нитритного выщелачивания 7;0;265;[];3;1;2026-01-06T09:37:49.073950;0;0;0;0;0;0;0;0;0;0;0;0;0;0;0;0;0;0;0
CS*10;0;0;32.22;1.99;331.25;0.21;4352.4;1284.69;1467.75;26.06;Жидкая фаза концентрата ССФ;0;266;[];3;1;2026-01-06T09:37:49.073950;0;0;0;0;0;0;0;0;0;0;0;0;0;0;0;0;0;0;0
ISO_4;0;0;4.6;0.18;1.68;0.31;9272.4;4725.51;139.68;3.06;Раствор после нейтрализации/сульфидизации с помощью ИСО до pH 4;0;267;[];3;1;2026-01-06T09:37:49.073950;0;0;0;0;0;0;0;0;0;0;0;0;0;0;0;0;0;0;0
S_A;0;0;15.06;1.77;50.3;1.56;13878.2;8443.36;420.03;11.4;Пульпа САВ из TF1 Применяемая в эксперименте по снижению серы;0;268;[];3;1;2026-01-06T09:37:49.073950;0;0;0;0;0;0;0;0;0;0;0;0;0;0;0;0;0;0;0
S_B;0;0;9.34;0.79;27.56;0.94;12432.4;7365.33;248.98;6.72;Нейтрализованный до ph2 с помощью пульпы CaCO3 образец S_A;0;269;[];3;1;2026-01-06T09:37:49.073950;0;0;0;0;0;0;0;0;0;0;0;0;0;0;0;0;0;0;0
S_B2;0;0;9.24;0.77;27.22;0.88;12199.8;7195.86;246.3;6.5;Нейтрализованный до ph2 с помощью пульпы CaCO3 образец S_A спустя ночь;0;270;[];3;1;2026-01-06T09:37:49.073950;0;0;0;0;0;0;0;0;0;0;0;0;0;0;0;0;0;0;0
S_0;0;0;6.34;1.5;0.11;0.1;10677.4;6292.72;122.5;3.49;S_B2 сульфидизированный без добавления серы;0;271;[];3;1;2026-01-06T09:37:49.073950;0;0;0;0;0;0;0;0;0;0;0;0;0;0;0;0;0;0;0
S_1;0;0;6.96;1.55;0.08;0.05;11521;6748.48;132.83;3.88;S_B2 сульфидизированный с добавлением 0.1г серы;0;272;[];3;1;2026-01-06T09:37:49.073950;0;0;0;0;0;0;0;0;0;0;0;0;0;0;0;0;0;0;0
S_2;0;0;6.64;1.5;0.07;0.04;11090.8;6438.86;130.78;3.67;S_B2 сульфидизированный с добавлением 0.2г серы;0;273;[];3;1;2026-01-06T09:37:49.073950;0;0;0;0;0;0;0;0;0;0;0;0;0;0;0;0;0;0;0
S_3;0;0;1.23;0.59;0.04;0.04;4280.6;1949.28;20.36;0.52;S_B2 сульфидизированный с добавлением 0.3г серы;0;274;[];3;1;2026-01-06T09:37:49.073950;0;0;0;0;0;0;0;0;0;0;0;0;0;0;0;0;0;0;0
S_4;0;0;5.79;1.59;0.06;0.04;10820.8;6242.93;106.43;2.98;S_B2 сульфидизированный с добавлением 0.4г серы;0;275;[];3;1;2026-01-06T09:37:49.073950;0;0;0;0;0;0;0;0;0;0;0;0;0;0;0;0;0;0;0
PV1_100;0;0;197.22;6.27;894;0;11886;2310.41;6580.75;115.13;Жидкая фаза пульпы выщелаяивания 1;0;276;[];3;1;2026-01-06T09:37:49.073950;0;0;0;0;0;0;0;0;0;0;0;0;0;0;0;0;0;0;0
PV2_100;0;0;219.44;8.37;1155;0;14816;3147.6;7648.25;128.31;Жидкая фаза пульпы выщелаяивания 2;0;277;[];3;1;2026-01-06T09:37:49.073950;0;0;0;0;0;0;0;0;0;0;0;0;0;0;0;0;0;0;0
LST_A _10;0;0;18.66;3.19;31.15;1.44;48322;22062.35;469.25;9.7;Пульпа САВ из TF1 применяемая в эксперименте по снижению ЛСТ;0;278;[];3;1;2026-01-06T09:37:49.073950;0;0;0;0;0;0;0;0;0;0;0;0;0;0;0;0;0;0;0
LST_B_10;0;0;7.79;0.9;13.55;0.63;24808;11081.01;201.8;3.88;LST_A после нейтрализации до pH 2 пульпой CaCO3;0;279;[];3;1;2026-01-06T09:37:49.073950;0;0;0;0;0;0;0;0;0;0;0;0;0;0;0;0;0;0;0
S_A_10;0;0;18.12;4.86;41.66;1.74;53176;24539.33;419.35;9.61;Пульпа САВ из TF1 Применяемая в эксперименте по снижению серы;0;280;[];3;1;2026-01-06T09:37:49.073950;0;0;0;0;0;0;0;0;0;0;0;0;0;0;0;0;0;0;0
Vd_148_1;587.4;0.141421356;1.175;11.1428639;0.024;0.067882251;20210;7521.87809;62.69;2.704708857;САВ из TF1 начальной плотности 1.48 после сульфидизации ;0;281;[];3;1;2026-01-06T09:37:49.073950;0;0;0;0;0;0;0;0;0;0;0;0;0;0;0;0;0;0;0
Vd_148;1099.5;0.707106781;8.77;22.8934958;179.6;4.242640687;24058;9589.205911;485.8;14.82548482;САВ из TF1 начальной плотности 1.48 ;0;282;[];3;1;2026-01-06T09:37:49.073950;0;0;0;0;0;0;0;0;0;0;0;0;0;0;0;0;0;0;0
Vd_148 x10;2570;16.97056275;4.672;93.9525666;304.35;8.697413409;216620;80983.9305;1149.2;22.67597848;САВ из TF1 начальной плотности 1.48;0;283;[];3;1;2026-01-06T09:37:49.073950;0;0;0;0;0;0;0;0;0;0;0;0;0;0;0;0;0;0;0
ISO_2;552.25;0.494974747;0.083;5.766114029;0.1735;0.210010714;17378;5215.277557;26.224;0.903399137;Раствор после сульфидизации : добавление до pH 2 ИСО после до pH 4 железные окатыши;0;284;[];3;1;2026-01-06T09:37:49.073950;0;0;0;0;0;0;0;0;0;0;0;0;0;0;0;0;0;0;0
ISO_3;566.75;0.494974747;3.2588;3.861035315;0.101;0.127279221;12706;2234.631961;131.68;1.005982107;Раствор после сульфидизации : добавление до pH 3 ИСО после до pH 4 железные окатыши;0;285;[];3;1;2026-01-06T09:37:49.073950;0;0;0;0;0;0;0;0;0;0;0;0;0;0;0;0;0;0;0
Vd_1272;505.35;4.171930009;10.094;20.91861444;106.65;2.333452378;24646;10114.83218;529.76;9.530634816;САВ из TF1 начальной плотности 1.272 ;0;286;[];3;1;2026-01-06T09:37:49.073950;0;0;0;0;0;0;0;0;0;0;0;0;0;0;0;0;0;0;0
Vd_1272_1;538.3;0.989949494;1.789;7.391365131;0.0635;0.115258405;17574;5724.869431;63.804;1.454743964;САВ из TF1 начальной плотности 1.272 после сульфидизации ;0;287;[];3;1;2026-01-06T09:37:49.073950;0;0;0;0;0;0;0;0;0;0;0;0;0;0;0;0;0;0;0
Vd_115_1;592.4;0.282842712;5.0912;9.992257638;0.027;0.067882251;20644;7620.61218;150.84;2.948389391;САВ из TF1 начальной плотности 1.15 после сульфидизации ;0;288;[];3;1;2026-01-06T09:37:49.073950;0;0;0;0;0;0;0;0;0;0;0;0;0;0;0;0;0;0;0
Vd_1272 x10;519.75;2.61629509;4.75;37.7710491;83.955;0.643467171;136740;27165.29035;557.88;8.235107771;САВ из TF1 начальной плотности 1.272 ;0;289;[];3;1;2026-01-06T09:37:49.073950;0;0;0;0;0;0;0;0;0;0;0;0;0;0;0;0;0;0;0
BLNK;0.032133333;0.037880118;0.0023;0.00052915;0.0018;0.000565685;0.087366667;0.007932423;0.002866667;0.000757188;0;0;290;[];3;0;2026-01-14T19:22:27.145534;1;1.082666667;0.009073772;0;0;0;0;0;0;0;0;1.5;0;0;0;0;0;0;0
T2_L1P1B3 ;76.4;132.3286817;0.042433333;0.036883104;0.28655;0.005868986;242.5;210.0121663;0.913666667;0.791259966;0;0;291;[];3;0;2026-01-14T10:35:23.452477;1;0.954033333;0.003178574;0;0;0;0;0;0;0;0;1.5;0;0;0;0;0;0;0
T2_L1P1B3;57.23333333;99.13104122;0.038366667;0.033340116;0.2917;0.007778175;312.2;270.4944362;1.022666667;0.004932883;0;0;292;[];3;0;2026-01-14T10:35:23.452479;1;0.9536;0.002651415;0;0;0;0;0;0;0;0;1.5;0;0;0;0;0;0;0
T2_L1B1;13.92333333;24.11592074;0.027633333;0.024193043;0.34345;0.003464823;124.2333333;107.6269638;1.061;0.001732051;0;0;293;[];3;0;2026-01-14T10:35:23.452481;1;0.980666667;0.003855299;0;0;0;0;0;0;0;0;1.5;0;0;0;0;0;0;0
T2_L1P1B4;92.53333333;160.2724347;0.045733333;0.039743469;0.2979;0.006646804;217.6333333;188.4789201;1.327666667;0.002886751;0;0;294;[];3;0;2026-01-14T10:35:23.452482;1;0.943466667;0.004215843;0;0;0;0;0;0;0;0;1.5;0;0;0;0;0;0;0
T2-1B;13.60666667;11.78616279;0.051566667;0.044730787;0.7223;0.019091883;941;100.0261966;1.732333333;0.007371115;0;0;295;[];3;0;2026-01-19T11:32:22.383847;0;0.9755;0.003377869;0;0;0;0;0;0;0;0;0;0;0;0.1072;0;0;0;0
T2_L1P1F1N1B4;248.1666667;214.9513511;0.018266667;0.015824454;0.08605;0.006010408;285.9333333;10.51158092;0.6335;0.008057295;0;0;296;[];3;0;2026-01-19T11:33:20.000175;0;0.923833333;0.003807011;0;0;0;0;0;0;0;0;0;0;0;0.1066;0;0;0;0
T2_L1P1F1FB4;135.4333333;117.455112;0.6605;0.180261005;3.8665;0.023334524;289.3;2.535744467;23.36;0.155241747;0;0;297;[];3;0;2026-01-19T11:33:10.312147;0;0.947966667;0.004336281;0;0;0;0;0;0;0;0;0;0;0;0.1006;0;0;0;0
T2_L1P1F1N1B3 ;147.6333333;255.7084342;0.014233333;0.012349224;0.0761;0.005939697;183.7666667;159.277253;0.676533333;0.001721434;0;0;298;[];3;0;2026-01-14T10:35:23.452490;1;0.915166667;0.004118657;0;0;0;0;0;0;0;0;1.5;0;0;0;0;0;0;0
T2_L1P1F1N1B3;140.4333333;243.2376684;0.011766667;0.010254918;0.0616;0.00523259;165.8666667;143.7121196;0.482766667;0.010208983;0;0;299;[];3;0;2026-01-14T10:35:23.452491;1;0.9295;0.002260531;0;0;0;0;0;0;0;0;1.5;0;0;0;0;0;0;0
T2-P2A21;30.58666667;52.9776607;0.1108;0.097105561;0.0556;0.03860803;1853.666667;398.8161648;0.4239;0.006677574;0;0;300;[];3;0;2026-01-14T19:22:27.145546;1;1.030333333;0.006806859;0;0;0;0;0;0;0;0;1.5;0;0;0;0;0;0;0
T2-P2A22;29.39666667;50.91652024;0.106233333;0.092993243;0.05435;0.03853732;1872.666667;400.0504135;0.410733333;0.005608327;0;0;301;[];3;0;2026-01-14T19:22:27.145548;1;1.006666667;0.007371115;0;0;0;0;0;0;0;0;1.5;0;0;0;0;0;0;0
T2-P2A11;16.63666667;28.81555194;0.046166667;0.040706797;0.0067;0.009475231;1536;253.7144064;0.0298;0.003928104;0;0;302;[];3;0;2026-01-14T19:22:27.145550;1;1.083;0.00781025;0;0;0;0;0;0;0;0;1.5;0;0;0;0;0;0;0
T2-P2A12;16.50333333;28.58461183;0.046066667;0.040964538;0.00675;0.009545942;1552.333333;252.0760467;0.028933333;0.00537153;0;0;303;[];3;0;2026-01-14T19:22:27.145552;1;1.061;0.007;0;0;0;0;0;0;0;0;1.5;0;0;0;0;0;0;0
T2-P1A31;19.03666667;32.97247387;0.2668;0.233721458;0.0116;0.016404877;2101;508.0147636;0.614133333;0.010059987;0;0;304;[];3;0;2026-01-14T19:22:27.145554;1;1.0026;0.004613025;0;0;0;0;0;0;0;0;1.5;0;0;0;0;0;0;0
T2-P1A32;17.10666667;29.62961581;0.239533333;0.209102495;0.01115;0.015768481;1958;481.1434298;0.5535;0.010717742;0;0;305;[];3;0;2026-01-14T19:22:27.145556;1;1.056;0.005;0;0;0;0;0;0;0;0;1.5;0;0;0;0;0;0;0
T2-P1A41;17.42666667;30.18387207;0.2784;0.242353213;0.00945;0.013364318;1971.666667;457.5263198;0.640166667;0.006047589;0;0;306;[];3;0;2026-01-14T19:22:27.145557;1;1.051;0.005;0;0;0;0;0;0;0;0;1.5;0;0;0;0;0;0;0
T2-P1A42;17.72;30.69194031;0.2845;0.247497657;0.0098;0.013859293;2009.666667;479.1683768;0.650666667;0.00823792;0;0;307;[];3;0;2026-01-14T19:22:27.145559;1;1.032333333;0.004163332;0;0;0;0;0;0;0;0;1.5;0;0;0;0;0;0;0
T2-N1A41;14.61;25.3052623;0.001166667;0.000450925;0.01135;0.00106066;8.853333333;0.189119891;0.0022;0.000781025;0;0;308;[];3;0;2026-01-14T19:22:27.145561;1;1.243666667;0.007505553;0;0;0;0;0;0;0;0;1.5;0;0;0;0;0;0;0
T2-N1A42;15.55333333;26.93916356;0.0011;0.0008544;0.0124;0.000707107;0.449;0.008016857;0.001066667;0.000472582;0;0;309;[];3;0;2026-01-14T19:22:27.145563;1;1.171333333;0.007023769;0;0;0;0;0;0;0;0;1.5;0;0;0;0;0;0;0
T2-N2CA11;14.59;25.27062128;0.0011;0.00034641;0.0114;0.000848528;2.028333333;0.028219379;0.002133333;0.000305505;0;0;310;[];3;0;2026-01-14T19:22:27.145565;1;1.230666667;0.006110101;0;0;0;0;0;0;0;0;1.5;0;0;0;0;0;0;0
T2-N2CA12;14.94;25.87683907;0.0005;0.00043589;0.0112;0.000989949;2;0.036864617;0.0021;0.000360555;0;0;311;[];3;0;2026-01-14T19:22:27.145566;1;1.249;0.006557439;0;0;0;0;0;0;0;0;1.5;0;0;0;0;0;0;0
T2-N2CA21;13.56;23.48660895;0.001133333;0.000152753;0.01065;0.001343503;10.08766667;0.11758543;0.016833333;0.000351188;0;0;312;[];3;0;2026-01-15T06:08:27.416448;1;1.274666667;0.006110101;0;0;0;0;0;0;0;0;1.5;0;0;0;0;0;0;0
T2-N2CA22;13.82666667;23.94848917;0.001133333;0.000450925;0.01135;0.001202082;10.17;0.121655251;0.016966667;0.000737111;0;0;313;[];3;0;2026-01-15T06:08:27.416457;1;1.277333333;0.009609024;0;0;0;0;0;0;0;0;1.5;0;0;0;0;0;0;0
T2-N3C1A1;14.67;25.40918535;0.002033333;0.001096966;0.0071;0.002262742;44.37;0.616116872;0.007433333;0.000416333;0;0;314;[];3;0;2026-01-15T06:08:27.416459;1;1.217666667;0.009504385;0;0;0;0;0;0;0;0;1.5;0;0;0;0;0;0;0
T2-N3C2A1;18.70666667;32.40089711;0.000933333;0.000493288;0.0079;0.000848528;0.5897;0.009713908;0.0005;0.000866025;0;0;315;[];3;0;2026-01-15T06:08:27.416462;1;1.192;0.009165151;0;0;0;0;0;0;0;0;1.5;0;0;0;0;0;0;0
T2-F2A21;13.90666667;24.08705323;0.059666667;0.051728554;0.00565;0.007990307;1085.3;129.9163962;2.627;0.015874508;0;0;316;[];3;0;2026-01-15T06:08:27.416464;1;1.237;0.008888194;0;0;0;0;0;0;0;0;1.5;0;0;0;0;0;0;0
T2-F2A22;14.12;24.4565574;0.062066667;0.053840629;0.00565;0.007990307;1100.6;132.586123;2.67;0.018734994;0;0;317;[];3;0;2026-01-15T06:08:27.416466;1;1.23;0.008717798;0;0;0;0;0;0;0;0;1.5;0;0;0;0;0;0;0
T2-F2A11;14.36333333;24.8780231;0.0383;0.033245;0.00555;0.007848885;892.7666667;73.17966475;1.782;0.012124356;0;0;318;[];3;0;2026-01-15T06:08:27.416469;1;1.244;0.009539392;0;0;0;0;0;0;0;0;1.5;0;0;0;0;0;0;0
T2-F2A12;13.83;23.95426267;0.036066667;0.031261691;0.00545;0.007707464;856.5333333;73.87017892;1.715333333;0.013012814;0;0;319;[];3;0;2026-01-15T06:08:27.416471;1;1.271666667;0.010969655;0;0;0;0;0;0;0;0;1.5;0;0;0;0;0;0;0
T2-L1A21;18.55333333;16.20691313;0.777666667;0.676281253;10.1605;0.381130555;2076;609.7925877;35.1;0.510979452;0;0;320;[];3;0;2026-01-19T09:40:04.450248;1;0.967866667;0.004747982;0;0;0;0;0;0;0;0;1.5;0;0;0;0;0;0;0
T2-L1A22;21.05666667;18.47188224;0.858;0.746529973;11.41;0.381837662;2181.666667;614.1053113;38.65;0.6244998;0;0;321;[];3;0;2026-01-19T09:40:23.973873;1;0.911833333;0.004916638;0;0;0;0;0;0;0;0;1.5;0;0;0;0;0;0;0
T2-L1A11;12.13;10.50902945;0.782;0.677622314;5.4275;0.214253355;2008.333333;548.246599;35.81;0.523736575;0;0;322;[];3;0;2026-01-19T09:40:43.426617;1;1.037333333;0.004163332;0;0;0;0;0;0;0;0;1.5;0;0;0;0;0;0;0
T2-L1A12;14.29;12.41705682;0.792333333;0.686355836;5.478;0.205060967;2010;539.3115982;36.15666667;0.479826357;0;0;323;[];3;0;2026-01-19T09:40:34.011546;1;1.035;0.003605551;0;0;0;0;0;0;0;0;1.5;0;0;0;0;0;0;0
T2-L2A21;14.43;24.99349315;0.958666667;0.830289909;6.503;0.181019336;1971;557.7427723;44.33333333;0.771513664;0;0;324;[];3;0;2026-01-15T06:08:27.416488;1;1.036333333;0.002081666;0;0;0;0;0;0;0;0;1.5;0;0;0;0;0;0;0
T2-L2A22;15.27;26.44841583;1.016666667;0.880540932;6.7325;0.177483802;2327.666667;596.6174095;47.13;0.684616681;0;0;325;[];3;0;2026-01-15T06:08:27.416491;1;0.899066667;0.003003886;0;0;0;0;0;0;0;0;1.5;0;0;0;0;0;0;0
T2-L2A11;21.24666667;36.80030616;1.036666667;0.897940607;6.0025;0.198697006;2351.333333;617.7672161;47.7;0.665507325;0;0;326;[];3;0;2026-01-15T06:08:27.416493;1;0.893966667;0.00313422;0;0;0;0;0;0;0;0;1.5;0;0;0;0;0;0;0
T2-L2A12;20.67666667;35.8130372;1.067666667;0.925269871;6.2455;0.200111219;2493.666667;626.9260988;49.85333333;0.705714768;0;0;327;[];3;0;2026-01-15T06:08:27.416495;1;0.843366667;0.003511885;0;0;0;0;0;0;0;0;1.5;0;0;0;0;0;0;0
T2-2A1;5.814333333;5.040864443;0.2299;0.136647978;0.0594;0.005798276;235.8333333;6.057502236;8.999;0.073184698;0;0;328;[];3;0;2026-01-15T06:08:27.416497;1;1.161333333;0.009814955;0;0;0;0;0;0;0;0;1.5;0;0;0;0;0;0;0
T2-2A2;6.144;5.324769291;0.252366667;0.12840967;0.0202;0.005515433;239.6;6.510760324;9.509;0.086238043;0;0;329;[];3;0;2026-01-15T06:08:27.416499;1;1.095333333;0.009073772;0;0;0;0;0;0;0;0;1.5;0;0;0;0;0;0;0
T2-1A1;14.56;25.21865976;1.157566667;0.519443898;0.07355;0.02085965;1062.733333;84.68301679;44.88333333;0.663048515;0;0;330;[];3;0;2026-01-15T06:08:27.416501;1;1.114333333;0.008144528;0;0;0;0;0;0;0;0;1.5;0;0;0;0;0;0;0
T2-1A2;5.915666667;5.130201198;0.232866667;0.129611972;0.0246;0.005374012;223.9333333;4.750087718;8.912666667;0.100848071;0;0;331;[];3;0;2026-01-15T06:08:27.416503;1;1.175;0.009848858;0;0;0;0;0;0;0;0;1.5;0;0;0;0;0;0;0
HNO3;0.019033333;0.031505925;0.000633333;0.000568624;0.0134;0.000989949;0.2012;0.005230679;0.005633333;0.000472582;0;0;332;[];3;0;2026-01-15T06:08:27.416505;1;1.238666667;0.01040833;0;0;0;0;0;0;0;0;1.5;0;0;0;0;0;0;0
T2-L3B1A1;16.57666667;28.71162889;0.841333333;0.728622216;8.596;0.195161472;2593.666667;695.5029355;38.35;0.57662813;0;0;333;[];3;0;2026-01-15T06:08:27.416508;1;0.802933333;0.004020365;0;0;0;0;0;0;0;0;1.5;0;0;0;0;0;0;0
T2-L3B2A1;30.62333333;26.79500016;0.801;0.694084289;9.1005;0.161927453;2480.666667;683.6595156;36.29333333;0.512867754;0;0;334;[];3;0;2026-01-15T06:08:27.416510;1;0.832666667;0.003271595;0;0;0;0;0;0;0;0;1.5;0;0;0;0;0;0;0
T2-L3P3C3A1;16.98;29.41022271;0.215133333;0.194259526;0.01195;0.016899852;2115;520.7869046;0.184133333;0.021014836;0;0;335;[];3;0;2026-01-15T06:08:27.416513;1;0.9886;0.00052915;0;0;0;0;0;0;0;0;1.5;0;0;0;0;0;0;0
T2-L3P3C2;17.40666667;30.14923106;0.1544;0.144967307;0.00655;0.009263099;2054.333333;517.8864097;0.105266667;0.016083014;0;0;336;[];3;0;2026-01-19T12:33:18.810950;1;1.020666667;0.00057735;0;0;0;0;0;0;0;0;1.5;0;0;0;0;0;0;0
T2-L3P3F3A1;16.66;28.85596645;0.305966667;0.266823019;0.0043;0.006081118;2035.666667;499.8303045;4.545666667;0.04878866;0;0;337;[];3;0;2026-01-15T06:08:27.416517;1;1.030666667;0.002516611;0;0;0;0;0;0;0;0;1.5;0;0;0;0;0;0;0
T2-L3P3C1A11;16.42333333;28.44604776;0.1232;0.108235484;0.004;0.005656854;1788.333333;408.6689777;2.104;0.025534291;0;0;338;[];3;0;2026-01-15T06:08:27.416519;1;1.104;0.005196152;0;0;0;0;0;0;0;0;1.5;0;0;0;0;0;0;0
T2-L3P3C1A12;19.41;33.61910617;0.3922;0.343374125;0.0057;0.008061017;2355.333333;573.2724774;2.638;0.035763109;0;0;339;[];3;0;2026-01-15T06:08:27.416521;1;0.9031;0.001752142;0;0;0;0;0;0;0;0;1.5;0;0;0;0;0;0;0
T2-3A1;7.276666667;6.306158366;0.229366667;0.134727218;0.0103;0.005374012;227.9333333;4.818021724;8.872666667;0.078398554;0;0;340;[];3;0;2026-01-15T06:08:27.416543;1;1.129;0.008717798;0;0;0;0;0;0;0;0;1.5;0;0;0;0;0;0;0
T4-41A1;6.669;5.784189053;0.217433333;0.121581674;0.00755;0.005020458;205.7666667;4.572016331;8.335333333;0.080133222;0;0;341;[];3;0;2026-01-15T06:08:27.416545;1;1.219;0.009643651;0;0;0;0;0;0;0;0;1.5;0;0;0;0;0;0;0
T2-L4P4F4C4A1;23.44333333;40.60504443;0.4631;0.405221433;0.0045;0.006363961;1970;528.6501679;11.94666667;0.134288247;0;0;342;[];3;0;2026-01-15T06:08:27.416548;1;1.055333333;0.001154701;0;0;0;0;0;0;0;0;1.5;0;0;0;0;0;0;0
T2-L4P4F4C4A2;19.44333333;33.6768412;0.3889;0.33824395;0.0041;0.005798276;1889.333333;467.36745;10.21;0.081853528;0;0;343;[];3;0;2026-01-15T06:08:27.416550;1;1.094;0.001732051;0;0;0;0;0;0;0;0;1.5;0;0;0;0;0;0;0
T2-L4P4F4C4N3A1;20.1;34.81422123;0.001533333;0.000305505;0.0088;0.000989949;6.540666667;0.076513615;0.0158;0.000360555;0;0;344;[];3;0;2026-01-15T06:08:27.416568;1;1.093;0.006928203;0;0;0;0;0;0;0;0;1.5;0;0;0;0;0;0;0
T2-L4P4F4C4N3A2;20.87666667;36.15944736;0.0009;0.0002;0.01355;0.001343503;4.145666667;0.077306748;0.0082;0.00072111;0;0;345;[];3;0;2026-01-15T06:08:27.416570;1;1.189;0.009539392;0;0;0;0;0;0;0;0;1.5;0;0;0;0;0;0;0
T2-L4A2;37.36666667;64.72096518;1.412666667;1.224026688;16.92;0.424264069;3725.333333;969.3937968;65.42333333;1.090428051;0;0;346;[];3;0;2026-01-15T06:08:27.416572;1;0.560966667;0.011674902;0;0;0;0;0;0;0;0;1.5;0;0;0;0;0;0;0
T2-L4A1;34.1;59.06293254;1.149;0.995561651;12.39;0.155563492;3057.333333;833.8587011;52.68666667;0.776809715;0;0;347;[];3;0;2026-01-15T06:08:27.416574;1;0.662;0.012154012;0;0;0;0;0;0;0;0;1.5;0;0;0;0;0;0;0
T2-L4P4A1;21.55666667;37.33724191;0.518066667;0.453857966;0.01595;0.022556706;2077;545.5859236;11.00333333;0.105039675;0;0;348;[];3;0;2026-01-15T06:08:27.416577;1;0.997533333;0.001457166;0;0;0;0;0;0;0;0;1.5;0;0;0;0;0;0;0
T2-L4P4A2;22.75666667;39.41570288;0.5315;0.463926061;0.00865;0.012232947;2165.666667;538.0170381;10.98333333;0.080829038;0;0;349;[];3;0;2026-01-15T06:08:27.416579;1;0.963766667;0.000472582;0;0;0;0;0;0;0;0;1.5;0;0;0;0;0;0;0
T2_L1P1B3(1);158.9666667;137.9795758;0.042433333;0.036883104;0.28655;0.005868986;363.7;0.655743852;1.370333333;0.001527525;0;0;350;[];3;0;2026-01-19T11:27:58.840437;0;0.954033333;0.003178574;0;0;0;0;0;0;0;0;0;0;0;0.182;0;0;0;0
T2_L1P1B3(2);96.43333333;83.52031689;0.034033333;0.029674961;0.2762;0.007353911;411.0333333;2.90229794;0.942433333;0.008047567;0;0;351;[];3;0;2026-01-19T11:28:20.225510;0;0.959566667;0.003450121;0;0;0;0;0;0;0;0;0;0;0;0.1044;0;0;0;0
T2_L1P1B3(3);115.3333333;99.89005623;0.038366667;0.033340116;0.2917;0.007778175;468;8.116649555;1.022666667;0.004932883;0;0;352;[];3;0;2026-01-19T11:28:33.490773;0;0.9536;0.002651415;0;0;0;0;0;0;0;0;0;0;0;0.122;0;0;0;0
T2_L1B1(1);48.8;42.26465308;0.030366667;0.026623736;0.6274;0.004101219;153.3;1.216552506;1.133333333;0.002081666;0;0;353;[];3;0;2026-01-19T11:30:22.012544;0;0.9655;0.002961419;0;0;0;0;0;0;0;0;0;0;0;0.1094;0;0;0;0
T2_L1B1(2);68.76666667;59.55722738;0.034733333;0.030976819;0.75785;0.004596194;176.4;1.539480432;1.360333333;0.005859465;0;0;354;[];3;0;2026-01-19T11:30:37.944144;0;0.932933333;0.00376342;0;0;0;0;0;0;0;0;0;0;0;0.125;0;0;0;0
T2_L1B1(3);28.03;24.27624971;0.027633333;0.024193043;0.34345;0.003464823;187.2333333;3.234707612;1.061;0.001732051;0;0;355;[];3;0;2026-01-19T11:30:52.510970;0;0.980666667;0.003855299;0;0;0;0;0;0;0;0;0;0;0;0.1119;0;0;0;0
T2_L1P1B4(1);181.7;157.751355;0.036133333;0.031400212;0.2642;0.004808326;280.9666667;2.250185178;1.735333333;0.004041452;0;0;356;[];3;0;2026-01-19T11:31:23.826419;0;0.962233333;0.001123981;0;0;0;0;0;0;0;0;0;0;0;0.101;0;0;0;0
T2_L1P1B4(2);109.1333333;94.51864014;0.039966667;0.034804071;0.283;0.00834386;466.3;7.808328887;0.8051;0.0023;0;0;357;[];3;0;2026-01-19T11:31:44.754957;0;0.9488;0.003504283;0;0;0;0;0;0;0;0;0;0;0;0.117;0;0;0;0
T2_L1P1B4(3);193.0666667;167.6307052;0.045733333;0.039743469;0.2979;0.006646804;326.0333333;1.27410099;1.327666667;0.002886751;0;0;358;[];3;0;2026-01-19T11:31:57.789755;0;0.943466667;0.004215843;0;0;0;0;0;0;0;0;0;0;0;0.1185;0;0;0;0
T2_L1P1F1N1B3 (1);297.3666667;257.5463518;0.014233333;0.012349224;0.0761;0.005939697;270.9;10.45418576;0.676533333;0.001721434;0;0;359;[];3;0;2026-01-19T09:39:42.567522;0.1122;0.915166667;0.004118657;0;0;0;0;0;0;29.5087;0.003802268;-44.09475;0;0;29.621;0;0;0;0
T2_L1P1F1N1B3(2);283;245.1060791;0.011766667;0.010254918;0.0616;0.00523259;250.2666667;5.080682369;0.482766667;0.010208983;0;0;360;[];3;0;2026-01-19T09:40:06.235438;0.1057;0.9295;0.002260531;0;0;0;0;0;0;52.2607;0.002022552;-78.2325;0;0;52.366;0;0;0;0
T2_L1P1F1FB4(1);153.1333333;132.9571861;0.6425;0.13515517;3.4835;0.020506097;253.0666667;6.027713773;16.40333333;0.092915732;0;0;361;[];3;0;2026-01-19T11:34:51.646980;0;0.966466667;0.003955165;0;0;0;0;0;0;0;0;0;0;0;0.1095;0;0;0;0
T2_L1P1F1FB4(2);269.7666667;233.6565071;0.020166667;0.017502666;0.0738;0.006505382;306.7333333;3.082747692;0.660166667;0.00614356;0;0;362;[];3;0;2026-01-19T11:35:12.247170;0;0.943766667;0.004392418;0;0;0;0;0;0;0;0;0;0;0;0.1183;0;0;0;0
T2-5A1;0;0;0;0;0;0;0;0;0;0;0;0;363;['методика_5', 'серия_T2-5C1'];1;0;2026-01-15T08:20:23.765206;180.85;0;0;1;5;2026-01-15 08:20:23;1;T2-5C1;1;149.52;1.209537186;46.995;0;0;0;0;0;0;0
T2-5B1;0;0;0;0;0;0;0;0;0;0;0;0;364;['методика_5', 'серия_T2-5C1'];1;0;2026-01-15T08:20:23.765220;180.85;0;0;1;5;2026-01-15 08:20:23;1;T2-5C1;1;149.52;1.209537186;46.995;0;0;0;0;0;0;0
T2-L5C1;0;0;0;0;0;0;0;0;0;0;0;0;365;['методика_5', 'серия_T2-5C1'];1;0;2026-01-16T10:42:47.659807;180.85;0;0;1;5;2026-01-15 08:20:23;1;T2-5C1;1;149.52;1.209537186;46.995;3.43;250;47.1;47;6;0;0
T2-L5A1;0;0;0;0;0;0;0;0;0;0;0;0;366;['методика_5', 'серия_T2-5C1'];1;0;2026-01-15T08:20:23.765252;180.85;0;0;1;5;2026-01-15 08:20:23;1;T2-5C1;1;149.52;1.209537186;46.995;0;0;0;0;0;0;0
T2-L5B1;0;0;0;0;0;0;0;0;0;0;0;0;367;[];3;0;2026-01-19T12:47:35.789554;180.85;0;0;1;5;2026-01-15 08:20:23;1;T2-5C1;1;149.52;1.209537186;46.995;0;0;0.1127;0;0;0;0
T2-L5P5C1;0;0;0;0;0;0;0;0;0;0;0;0;368;['методика_5', 'серия_T2-5C1'];1;0;2026-01-15T15:35:29.752677;528.12;0;0;1;5;2026-01-15 08:20:23;1;T2-5C1;1;442;1.194841629;129.18;3.81;298;0;0;6;0;0
T2-L5P5A1;0;0;0;0;0;0;0;0;0;0;0;0;369;['методика_5', 'серия_T2-5C1'];1;0;2026-01-15T08:20:23.765271;180.85;0;0;1;5;2026-01-15 08:20:23;1;T2-5C1;1;149.52;1.209537186;46.995;0;0;0;0;0;0;0
T2-L5P5B1;0;0;0;0;0;0;0;0;0;0;0;0;370;['методика_5', 'серия_T2-5C1'];1;0;2026-01-19T12:51:11.195926;180.85;0;0;1;5;2026-01-15 08:20:23;1;T2-5C1;1;149.52;1.209537186;46.995;0;0;0.1031;0;0;0;0
T2-L5P5F5C1;0;0;0;0;0;0;0;0;0;0;0;0;371;['методика_5', 'серия_T2-5C1'];1;0;2026-01-15T08:20:23.765283;180.85;0;0;1;5;2026-01-15 08:20:23;1;T2-5C1;1;149.52;1.209537186;46.995;0;0;0;0;0;0;0
T2-L5P5F5A1;0;0;0;0;0;0;0;0;0;0;0;0;372;['методика_5', 'серия_T2-5C1'];1;0;2026-01-15T08:20:23.765290;180.85;0;0;1;5;2026-01-15 08:20:23;1;T2-5C1;1;149.52;1.209537186;46.995;0;0;0;0;0;0;0
T2-L5P5F5B1;0;0;0;0;0;0;0;0;0;0;0;0;373;['методика_5', 'серия_T2-5C1'];1;0;2026-01-15T15:31:06.830950;528.12;0;0;1;5;2026-01-15 08:20:23;1;T2-5C1;1;442;1.194841629;129.18;3.2;298;0;0;0;0;0
T2-L5P5F5D1;0;0;0;0;0;0;0;0;0;0;0;0;374;['методика_5', 'серия_T2-5C1'];1;0;2026-01-19T12:58:20.112195;180.85;0;0;1;5;2026-01-15 08:20:23;1;T2-5C1;1;149.52;1.209537186;46.995;0;0;0.1023;0;0;0;0
T2-L5P5F5N5C1;0;0;0;0;0;0;0;0;0;0;0;0;375;['методика_5', 'серия_T2-5C1'];1;0;2026-01-15T15:38:36.251071;544.68;0;0;1;5;2026-01-15 08:20:23;1;T2-5C1;1;500;1.08936;67.02;2.76;310;0;0;0;0;0
T2-L5P5F5N5A1;0;0;0;0;0;0;0;0;0;0;0;0;376;['методика_5', 'серия_T2-5C1'];1;0;2026-01-15T08:20:23.765346;180.85;0;0;1;5;2026-01-15 08:20:23;1;T2-5C1;1;149.52;1.209537186;46.995;0;0;0;0;0;0;0
T2-L5P5F5N5B1;0;0;0;0;0;0;0;0;0;0;0;0;377;['методика_5', 'серия_T2-5C1'];1;0;2026-01-19T12:47:07.684467;180.85;0;0;1;5;2026-01-15 08:20:23;1;T2-5C1;1;149.52;1.209537186;46.995;0;0;0.1131;0;0;0;0
T2-L5P5F5N5E1;0;0;0;0;0;0;0;0;0;0;0;0;378;['методика_5', 'серия_T2-5C1'];1;0;2026-01-15T08:20:23.765374;180.85;0;0;1;5;2026-01-15 08:20:23;1;T2-5C1;1;149.52;1.209537186;46.995;0;0;0;0;0;0;0
T2-5A2;0;0;0;0;0;0;0;0;0;0;0;0;379;['методика_5', 'серия_T2-5C2'];1;0;2026-01-15T15:44:02.498662;1;0;0;2;5;2026-01-15 15:44:02;1;T2-5C2;1;100;0.01;-148.5;0;0;0;0;0;0;0
T2-5B2;0;0;0;0;0;0;0;0;0;0;0;0;380;['методика_5', 'серия_T2-5C2'];1;0;2026-01-15T15:44:02.498673;1;0;0;2;5;2026-01-15 15:44:02;1;T2-5C2;1;100;0.01;-148.5;0;0;0;0;0;0;0
T2-L5C2;0;0;0;0;0;0;0;0;0;0;0;1;381;['методика_5', 'серия_T2-5C2'];8;0;2026-01-16T10:43:00.657804;179.11;0;0;2;5;2026-01-15 15:44:02;0;T2-5C2;1;149.54;1.197739735;44.355;3.43;250;44.9;45;0;0;0
T2-L5A2;0;0;0;0;0;0;0;0;0;0;0;0;382;['методика_5', 'серия_T2-5C2'];1;0;2026-01-15T15:44:02.498685;1;0;0;2;5;2026-01-15 15:44:02;1;T2-5C2;1;100;0.01;-148.5;0;0;0;0;0;0;0
T2-L5B2;0;0;0;0;0;0;0;0;0;0;0;0;383;[];3;0;2026-01-19T12:46:40.890060;1;0;0;2;5;2026-01-15 15:44:02;1;T2-5C2;1;100;0.01;-148.5;0;0;0.1085;0;0;0;0
T2-L5P5C2;0;0;0;0;0;0;0;0;0;0;0;0;384;['методика_5', 'серия_T2-5C2'];1;0;2026-01-15T16:02:30.621814;44.9;0;0;2;5;2026-01-15 15:44:02;1;T2-5C2;1;149.54;0.300254113;-156.96;0;0;0;0;0;0;0
T2-L5P5A2;0;0;0;0;0;0;0;0;0;0;0;0;385;['методика_5', 'серия_T2-5C2'];1;0;2026-01-15T15:58:16.672760;44.9;0;0;2;5;2026-01-15 15:44:02;1;T2-5C2;1;149.54;0.300254113;-156.96;0;0;0;0;5.5;0;0
T2-L5P5B2;0;0;0;0;0;0;0;0;0;0;0;0;386;['методика_5', 'серия_T2-5C2'];1;0;2026-01-19T12:46:16.510902;1;0;0;2;5;2026-01-15 15:44:02;1;T2-5C2;1;100;0.01;-148.5;0;0;0.101;0;0;0;0
T2-L5P5F5C2;0;0;0;0;0;0;0;0;0;0;0;0;387;['методика_5', 'серия_T2-5C2'];1;0;2026-01-15T15:44:02.498730;1;0;0;2;5;2026-01-15 15:44:02;1;T2-5C2;1;100;0.01;-148.5;0;0;0;0;0;0;0
T2-L5P5F5A2;0;0;0;0;0;0;0;0;0;0;0;0;388;['методика_5', 'серия_T2-5C2'];1;0;2026-01-15T15:44:02.498735;1;0;0;2;5;2026-01-15 15:44:02;1;T2-5C2;1;100;0.01;-148.5;0;0;0;0;0;0;0
T2-L5P5F5B2;0;0;0;0;0;0;0;0;0;0;0;0;389;['методика_5', 'серия_T2-5C2'];1;0;2026-01-15T15:44:02.498741;1;0;0;2;5;2026-01-15 15:44:02;1;T2-5C2;1;100;0.01;-148.5;0;0;0;0;0;0;0
T2-L5P5F5D2;0;0;0;0;0;0;0;0;0;0;0;0;390;['методика_5', 'серия_T2-5C2'];1;0;2026-01-19T12:58:33.578448;1;0;0;2;5;2026-01-15 15:44:02;1;T2-5C2;1;100;0.01;-148.5;0;0;0.1116;0;0;0;0
T2-L5P5F5N5C2;0;0;0;0;0;0;0;0;0;0;0;0;391;['методика_5', 'серия_T2-5C2'];1;0;2026-01-15T15:44:02.498751;1;0;0;2;5;2026-01-15 15:44:02;1;T2-5C2;1;100;0.01;-148.5;0;0;0;0;0;0;0
T2-L5P5F5N5A2;0;0;0;0;0;0;0;0;0;0;0;0;392;['методика_5', 'серия_T2-5C2'];1;0;2026-01-15T15:44:02.498757;1;0;0;2;5;2026-01-15 15:44:02;1;T2-5C2;1;100;0.01;-148.5;0;0;0;0;0;0;0
T2-L5P5F5N5B2;0;0;0;0;0;0;0;0;0;0;0;0;393;['методика_5', 'серия_T2-5C2'];1;0;2026-01-19T12:46:02.027714;1;0;0;2;5;2026-01-15 15:44:02;1;T2-5C2;1;100;0.01;-148.5;0;0;0.1054;0;0;0;0
T2-1C1;0;0;0;0;0;0;0;0;0;0;0;0;394;[];8;0;2026-01-19T09:52:31.645264;117.8;0;0;0;0;2026-01-19 09:14:58;1;0;0;99.7;1.181544634;27.15;0;0;0;28;0;0;0
T2-1C2;0;0;0;0;0;0;0;0;0;0;0;0;395;[];8;0;2026-01-19T09:33:39.720276;121.84;0;0;0;0;2026-01-19 09:25:50;1;0;0;99.87;1.219985982;32.955;0;0;0;34;0;0;0
T2-L1C1;0;0;0;0;0;0;0;0;0;0;0;0;396;[];8;0;2026-01-19T10:07:01.591435;169.17;0;0;0;0;2026-01-19 09:41:57;1;0;0;127.7;1.324745497;62.205;0;0;0;28;0;0;0
T2-L1C2;0;0;0;0;0;0;0;0;0;0;0;0;397;[];8;0;2026-01-19T10:06:03.052066;184.4;0;0;0;0;2026-01-19 09:42:21;1;0;0;133.87;1.377455741;75.795;0;0;0;34;0;0;0
T2-L2P2F2N2E1;0;0;0;0;0;0;0;0;0;0;0;0;398;[];1;0;2026-01-19T12:41:57.387692;0;0;0;0;0;2026-01-19 09:57:34;1;0;0;0;0;0;0;0;0.0994;0;0;0;0
T2-L2P2F2F1;0;0;0;0;0;0;0;0;0;0;0;0;399;[];1;0;2026-01-19T11:25:45.526213;0;0;0;0;0;2026-01-19 10:03:23;1;0;0;0;0;0;0;0;0.1097;0;0;0;0
T2-L2P2F2F2;0;0;0;0;0;0;0;0;0;0;0;0;400;[];1;0;2026-01-19T11:25:23.938059;0;0;0;0;0;2026-01-19 10:06:32;1;0;0;0;0;0;0;0;0.1016;0;0;0;0
T2-L1P1C1;0;0;0;0;0;0;0;0;0;0;0;0;401;[];8;0;2026-01-19T10:36:12.661403;309.86;0;0;0;0;2026-01-19 10:08:11;1;0;0;247.7;1.250948728;93.24;3.92;0;0;0;6;26.94;0
T2-L2P2F2F2F2;0;0;0;0;0;0;0;0;0;0;0;0;402;[];1;0;2026-01-19T11:24:57.558579;0;0;0;0;0;2026-01-19 10:13:24;1;0;0;0;0;0;0;0;0.1037;0;0;0;0
T2-L1P1F1FB3;0;0;0;0;0;0;0;0;0;0;0;0;403;[];1;0;2026-01-19T11:23:58.292076;0;0;0;0;0;2026-01-19 10:14:41;1;0;0;0;0;0;0;0;0.1017;0;0;0;0
T2-L2B1;0;0;0;0;0;0;0;0;0;0;0;0;404;[];1;0;2026-01-19T11:23:38.689759;0;0;0;0;0;2026-01-19 10:16:46;1;0;0;0;0;0;0;0;0.1027;0;0;0;0
T2-L2P2B1;0;0;0;0;0;0;0;0;0;0;0;0;405;[];1;0;2026-01-19T11:23:21.912990;0;0;0;0;0;2026-01-19 10:19:25;1;0;0;0;0;0;0;0;0.0988;0;0;0;0
T2-L2P2B2;0;0;0;0;0;0;0;0;0;0;0;0;406;[];1;0;2026-01-19T11:23:04.272026;0;0;0;0;0;2026-01-19 10:19:32;1;0;0;0;0;0;0;0;0.1631;0;0;0;0
T2-L2P2F2B1;0;0;0;0;0;0;0;0;0;0;0;0;407;[];1;0;2026-01-19T11:22:30.645541;0;0;0;0;0;2026-01-19 10:20:11;1;0;0;0;0;0;0;0;0.1008;0;0;0;0
T2-L2P2F2B2;0;0;0;0;0;0;0;0;0;0;0;0;408;[];1;0;2026-01-19T11:22:11.463692;0;0;0;0;0;2026-01-19 10:20:22;1;0;0;0;0;0;0;0;0.1055;0;0;0;0
T2-L2P2F2N2B2;0;0;0;0;0;0;0;0;0;0;0;0;409;[];1;0;2026-01-19T12:39:51.817223;0;0;0;0;0;2026-01-19 10:20:47;1;0;0;0;0;0;0;0;0.0961;0;0;0;0
T2-L2P2F2N2B1;0;0;0;0;0;0;0;0;0;0;0;0;410;[];1;0;2026-01-19T12:42:41.274051;0;0;0;0;0;2026-01-19 10:21:00;1;0;0;0;0;0;0;0;0.0955;0;0;0;0
T2-L2B2(1);0;0;0;0;0;0;0;0;0;0;0;0;411;[];1;0;2026-01-19T11:20:02.040689;0;0;0;0;0;2026-01-19 10:21:34;1;0;0;0;0;1.5;0;0;0.0956;0;0;0;0
T2-L2B2(2);0;0;0;0;0;0;0;0;0;0;0;0;412;[];1;0;2026-01-19T11:19:48.971978;0;0;0;0;0;2026-01-19 10:21:49;1;0;0;0;0;0;0;0;0.1052;0;0;0;0
T2-2B;0;0;0;0;0;0;0;0;0;0;0;0;413;[];1;0;2026-01-19T11:20:08.861112;0;0;0;0;0;2026-01-19 10:27:37;1;0;0;0;0;1.5;0;0;0.0994;0;0;0;0
T2-L1P1C2;0;0;0;0;0;0;0;0;0;0;0;0;414;[];8;0;2026-01-19T10:40:35.096159;331.1;0;0;0;0;2026-01-19 10:36:31;1;0;0;255.58;1.29548478;113.28;2.01;0;0;0;12;26.94;0
T2-1C3;0;0;0;0;0;0;0;0;0;0;0;0;415;[];8;0;2026-01-19T10:51:06.695655;111.69;0;0;0;0;2026-01-19 10:46:37;1;0;0;99.72;1.120036101;17.955;0;0;0;0;0;0;0
T2-1C4;0;0;0;0;0;0;0;0;0;0;0;0;416;[];8;0;2026-01-19T10:52:10.661449;111.79;0;0;0;0;2026-01-19 10:46:48;1;0;0;99.81;1.120028053;17.97;0;0;0;0;0;0;0
T2-L1C3;0;0;0;0;0;0;0;0;0;0;0;0;417;[];8;0;2026-01-19T10:57:34.051549;145.12;0;0;0;0;2026-01-19 10:52:41;1;0;0;117.89;1.23097803;40.845;0;0;0;18;0;0;0
T2-L1C4;0;0;0;0;0;0;0;0;0;0;0;0;418;[];8;0;2026-01-19T10:56:33.482803;143.58;0;0;0;0;2026-01-19 10:52:52;1;0;0;117.09;1.226236229;39.735;0;0;0;18;0;0;0
T2-L1P1C3;0;0;0;0;0;0;0;0;0;0;0;0;419;[];8;0;2026-01-19T11:05:11.591384;210.85;0;0;0;0;2026-01-19 10:59:55;1;0;0;172.89;1.219561571;56.94;4.05;0;0;0;4;12.35;0
T2-L1P1C4;0;0;0;0;0;0;0;0;0;0;0;0;420;[];8;0;2026-01-19T11:04:25.128585;208.32;0;0;0;0;2026-01-19 11:00:11;1;0;0;172.09;1.210529374;54.345;3.89;0;0;0;3;12.35;0
T2-L1P1F1C3;0;0;0;0;0;0;0;0;0;0;0;0;421;[];8;0;2026-01-19T11:08:35.347980;1;0;0;0;0;2026-01-19 11:06:54;1;0;0;0;0;1.5;4.07;-415;0;0;0;0;0
T2-L1P1F1C4;0;0;0;0;0;0;0;0;0;0;0;0;422;[];8;0;2026-01-19T11:09:07.844974;1;0;0;0;0;2026-01-19 11:07:02;1;0;0;0;0;1.5;3.93;-310;0;0;0;0;0
T2-L1P1F1N1C3;0;0;0;0;0;0;0;0;0;0;0;0;423;[];8;0;2026-01-19T11:18:51.906960;1;0;0;0;0;2026-01-19 11:11:31;1;0;0;0;0;1.5;8.1;0;0;0;0;5.61;4.58
T2-L1P1F1N1C4;0;0;0;0;0;0;0;0;0;0;0;0;424;[];8;0;2026-01-19T11:19:39.548980;1;0;0;0;0;2026-01-19 11:11:45;1;0;0;0;0;1.5;8.2;0;0;0;0;6.73;4.58
T2-2C1;0;0;0;0;0;0;0;0;0;0;0;0;425;[];8;0;2026-01-19T11:24:35.041537;166.32;0;0;0;0;2026-01-19 11:21:59;0;0;0;149.7;1.111022044;24.93;0;0;0;0;0;0;0
T2-2C2;0;0;0;0;0;0;0;0;0;0;0;0;426;[];8;0;2026-01-19T11:25:17.450519;167.44;0;0;0;0;2026-01-19 11:22:07;0;0;0;149.5;1.12;26.91;0;0;0;0;0;0;0
T2-L2C1;0;0;0;0;0;0;0;0;0;0;0;0;427;[];8;0;2026-01-19T11:31:07.178927;211.96;0;0;0;0;2026-01-19 11:28:16;0;0;0;174.59;1.214044332;56.055;0;0;0;25;0;0;0
T2-L2C2;0;0;0;0;0;0;0;0;0;0;0;0;428;[];8;0;2026-01-19T11:31:45.129242;217.86;0;0;0;0;2026-01-19 11:28:29;0;0;0;176.9;1.231543245;61.44;0;0;0;28;0;0;0
T2-L2P2C1;0;0;0;0;0;0;0;0;0;0;0;0;429;[];8;0;2026-01-19T11:34:54.429921;356.27;0;0;0;0;2026-01-19 11:32:57;0;0;0;299.59;1.189191896;85.02;4.05;0;0;0;4;28.06;0
T2-L2P2C2;0;0;0;0;0;0;0;0;0;0;0;0;430;[];8;0;2026-01-19T11:35:59.321807;362.16;0;0;0;0;2026-01-19 11:33:09;0;0;0;301.9;1.199602517;90.39;4.27;0;0;0;4;28.06;0
T2-L2P2F2N2E2;0;0;0;0;0;0;0;0;0;0;0;0;431;[];1;0;2026-01-19T12:42:25.589194;0;0;0;0;0;2026-01-19 11:36:35;1;0;0;0;0;0.15495;0;0;0.1033;0;0;0;0
T2-L4P4F4D1;0;0;0;0;0;0;0;0;0;0;0;0;432;[];1;0;2026-01-19T11:38:21.354131;0;0;0;0;0;2026-01-19 11:38:06;1;0;0;0;0;0.1611;0;0;0.1074;0;0;0;0
T2-L3P3F3C1D2;0;0;0;0;0;0;0;0;0;0;0;0;433;[];1;0;2026-01-19T11:39:28.184548;0;0;0;0;0;2026-01-19 11:39:11;1;0;0;0;0;0.1575;0;0;0.105;0;0;0;0
T2-L3P3F3D1;0;0;0;0;0;0;0;0;0;0;0;0;434;[];1;0;2026-01-19T11:42:50.417502;0;0;0;0;0;2026-01-19 11:40:10;1;0;0;0;0;0.1509;0;0;0.1006;0;0;0;0
T2-L4P4F4D2;0;0;0;0;0;0;0;0;0;0;0;0;435;[];1;0;2026-01-19T11:43:41.016629;0;0;0;0;0;2026-01-19 11:43:25;1;0;0;0;0;0.1521;0;0;0.1014;0;0;0;0
T2-L3P3F3N3C1;0;0;0;0;0;0;0;0;0;0;0;0;436;[];1;0;2026-01-19T11:49:58.147121;0;0;0;0;0;2026-01-19 11:49:15;1;0;0;0;0;0.1509;0;0;0.1006;0;0;0;0
T2-L3P3F3NEC2;0;0;0;0;0;0;0;0;0;0;0;0;437;[];1;0;2026-01-19T11:50:09.731013;0;0;0;0;0;2026-01-19 11:49:44;1;0;0;0;0;0.1527;0;0;0.1018;0;0;0;0
T2-L3B2;0;0;0;0;0;0;0;0;0;0;0;0;438;[];1;0;2026-01-19T11:57:33.135024;0;0;0;0;0;2026-01-19 11:50:52;1;0;0;0;0;0.1707;0;0;0.1138;0;0;0;0
T2-L3P3F3C1;0;0;0;0;0;0;0;0;0;0;0;0;439;[];1;0;2026-01-19T12:07:39.490853;0;0;0;0;0;2026-01-19 11:51:16;1;0;0;0;0;0.15255;0;0;0.1017;0;0;0;0
T2-L4P4F4C4N4B2;0;0;0;0;0;0;0;0;0;0;0;0;440;[];1;0;2026-01-19T12:09:24.277150;0;0;0;0;0;2026-01-19 11:51:59;1;0;0;0;0;0.1569;0;0;0.1046;0;0;0;0
T2-L4P4F4C4B2;0;0;0;0;0;0;0;0;0;0;0;0;441;[];1;0;2026-01-19T12:09:30.821271;0;0;0;0;0;2026-01-19 11:52:30;1;0;0;0;0;0.1596;0;0;0.1064;0;0;0;0
T2-3B;0;0;0;0;0;0;0;0;0;0;0;0;442;[];1;0;2026-01-19T12:09:43.536491;0;0;0;0;0;2026-01-19 11:53:17;1;0;0;0;0;0.1506;0;0;0.1004;0;0;0;0
T2-L4P4B2;0;0;0;0;0;0;0;0;0;0;0;0;443;[];1;0;2026-01-19T12:19:57.779262;0;0;0;0;0;2026-01-19 12:16:55;1;0;0;0;0;0.1536;0;0;0.1024;0;0;0;0
T2-L4P4B1;0;0;0;0;0;0;0;0;0;0;0;0;444;[];1;0;2026-01-19T12:20:04.334605;0;0;0;0;0;2026-01-19 12:17:16;1;0;0;0;0;0.14715;0;0;0.0981;0;0;0;0
T2-L4P4F4C4N4B1;0;0;0;0;0;0;0;0;0;0;0;0;445;[];1;0;2026-01-19T12:20:14.584778;0;0;0;0;0;2026-01-19 12:17:41;1;0;0;0;0;0.15165;0;0;0.1011;0;0;0;0
T2-L4B1;0;0;0;0;0;0;0;0;0;0;0;0;446;[];1;0;2026-01-19T12:20:21.112594;0;0;0;0;0;2026-01-19 12:18:04;1;0;0;0;0;0.1536;0;0;0.1024;0;0;0;0
T2-L4B2;0;0;0;0;0;0;0;0;0;0;0;0;447;[];1;0;2026-01-19T12:20:30.287508;0;0;0;0;0;2026-01-19 12:18:19;1;0;0;0;0;0.1938;0;0;0.1292;0;0;0;0
T2-L2P2F2C1;0;0;0;0;0;0;0;0;0;0;0;0;448;[];8;0;2026-01-19T12:51:01.974922;493.69;0;0;0;0;2026-01-19 12:23:30;0;0;0;490;1.007530612;5.535;5.46;-153;0;0;0;0;0
T2-L2P2F2C2;0;0;0;0;0;0;0;0;0;0;0;0;449;[];8;0;2026-01-19T12:26:42.888574;0;0;0;0;0;2026-01-19 12:23:40;0;0;0;420;0;-630;4.8;82;0;0;0;0;0
T4-4C;0;0;0;0;0;0;0;0;0;0;0;0;450;[];1;0;2026-01-19T12:29:35.298937;0;0;0;0;0;2026-01-19 12:24:05;1;0;0;0;0;0.15825;0;0;0.1055;0;0;0;0
T2-L4P4F4C4B1;0;0;0;0;0;0;0;0;0;0;0;0;451;[];1;0;2026-01-19T12:29:42.073546;0;0;0;0;0;2026-01-19 12:24:25;1;0;0;0;0;0.1551;0;0;0.1034;0;0;0;0
T2-L3B1;0;0;0;0;0;0;0;0;0;0;0;0;452;[];1;0;2026-01-19T12:29:51.320160;0;0;0;0;0;2026-01-19 12:24:40;1;0;0;0;0;0.1455;0;0;0.097;0;0;0;0
T2-L3P3F3N3C2;0;0;0;0;0;0;0;0;0;0;0;0;453;[];1;0;2026-01-19T12:29:57.748571;0;0;0;0;0;2026-01-19 12:24:58;1;0;0;0;0;0.168;0;0;0.112;0;0;0;0
T2-L3P3F3B1;0;0;0;0;0;0;0;0;0;0;0;0;454;[];1;0;2026-01-19T12:33:46.133428;0;0;0;0;0;2026-01-19 12:30:36;1;0;0;0;0;0.15405;0;0;0.1027;0;0;0;0
T2-L4P4F4C4N3B1;0;0;0;0;0;0;0;0;0;0;0;0;455;[];1;0;2026-01-19T12:40:24.036147;0;0;0;0;0;2026-01-19 12:40:12;1;0;0;0;0;0.1656;0;0;0.1104;0;0;0;0
T2-L4P4F4C4N3B2;0;0;0;0;0;0;0;0;0;0;0;0;456;[];1;0;2026-01-19T12:42:27.529214;0;0;0;0;0;2026-01-19 12:42:10;1;0;0;0;0;0.15855;0;0;0.1057;0;0;0;0
T2-L2P2F2N2C1;0;0;0;0;0;0;0;0;0;0;0;0;457;[];8;0;2026-01-19T12:53:15.708196;1;0;0;0;0;2026-01-19 12:43:01;0;0;0;0;0;1.5;8.1;0;0;0;0;5.61;4.58
T2-L2P2F2N2C2;0;0;0;0;0;0;0;0;0;0;0;0;458;[];8;0;2026-01-19T12:53:03.577808;1;0;0;0;0;2026-01-19 12:43:12;0;0;0;0;0;1.5;8.2;0;0;0;0;6.96;4.58
T2-5B;0;0;0;0;0;0;0;0;0;0;0;0;459;[];1;0;2026-01-19T12:49:49.318171;0;0;0;0;0;2026-01-19 12:49:35;1;0;0;0;0;0.1518;0;0;0.1012;0;0;0;0
T2-F5B1;0;0;0;0;0;0;0;0;0;0;0;0;460;[];1;0;2026-01-19T12:51:26.803401;0;0;0;0;0;2026-01-19 12:50:34;1;0;0;0;0;0.15465;0;0;0.1031;0;0;0;0
T2-F5B1;0;0;0;0;0;0;0;0;0;0;0;0;461;[];1;0;2026-01-19T12:51:33.083140;0;0;0;0;0;2026-01-19 12:50:43;1;0;0;0;0;0.16305;0;0;0.1087;0;0;0;0
T2-3C1;0;0;0;0;0;0;0;0;0;0;0;0;462;[];8;0;2026-01-19T12:59:09.096655;189.9;0;0;0;0;2026-01-19 12:54:11;0;0;0;149.53;1.269979268;60.555;0;0;0;0;0;0;0
T2-3C2;0;0;0;0;0;0;0;0;0;0;0;0;463;[];8;0;2026-01-19T13:00:29.977716;192.75;0;0;0;0;2026-01-19 12:54:22;0;0;0;149.42;1.289987953;64.995;0;0;0;0;0;0;0
T2-L5S2;0;0;0;0;0;0;0;0;0;0;0;0;464;[];1;0;2026-01-19T12:56:20.413472;0;0;0;0;0;2026-01-19 12:55:16;1;0;0;0;0;0.04095;0;0;0.0273;0;0;0;0
T2-4C1;0;0;0;0;0;0;0;0;0;0;0;0;465;[];8;0;2026-01-19T13:03:25.185961;189.58;0;0;0;0;2026-01-19 13:00:59;0;0;0;149.27;1.270047565;60.465;0;0;0;0;0;0;0
T2-4C2;0;0;0;0;0;0;0;0;0;0;0;0;466;[];8;0;2026-01-19T13:04:11.325694;186.78;0;0;0;0;2026-01-19 13:01:21;0;0;0;149.42;1.250033463;56.04;0;0;0;0;0;0;0
T2-L3C1;0;0;0;0;0;0;0;0;0;0;0;0;467;[];8;0;2026-01-19T13:26:12.708680;301.22;0;0;0;0;2026-01-19 13:05:13;0;0;0;210.03;1.43417607;136.785;0;0;0;61;0;0;0
T2-L3C2;0;0;0;0;0;0;0;0;0;0;0;0;468;[];8;0;2026-01-19T13:27:07.939128;312.35;0;0;0;0;2026-01-19 13:05:37;0;0;0;214.42;1.456720455;146.895;0;0;0;65;0;0;0
T2-L4C1;0;0;0;0;0;0;0;0;0;0;0;0;469;[];8;0;2026-01-19T13:33:08.569095;301.83;0;0;0;0;2026-01-19 13:28:32;0;0;0;210.28;1.435371885;137.325;0;0;0;61;0;0;0
T2-L4C2;0;0;0;0;0;0;0;0;0;0;0;0;470;[];8;0;2026-01-19T13:32:51.544656;290.74;0;0;0;0;2026-01-19 13:28:41;0;0;0;205.94;1.411770419;127.2;0;0;0;57;0;0;0
T2-L3P3C1;0;0;0;0;0;0;0;0;0;0;0;0;471;[];8;0;2026-01-19T13:38:29.324227;594.35;0;0;0;0;2026-01-19 13:33:53;0;0;0;470.03;1.264493756;186.48;3.9;0;0;0;11;40.56;0
T2-L3P3C2;0;0;0;0;0;0;0;0;0;0;0;0;472;[];8;0;2026-01-19T13:44:54.181445;623.31;0;0;0;0;2026-01-19 13:34:00;0;0;0;489.42;1.273568714;200.835;4.13;0;0;0;12;43.93;0
T2-L3P3F3C1;0;0;0;0;0;0;0;0;0;0;0;0;473;[];8;0;2026-01-19T13:55:57.553756;520.65;0;0;0;0;2026-01-19 13:46:09;0;0;0;445;1.17;113.475;3.78;150;0;0;0;0;0
T2-L3P3F3C2;0;0;0;0;0;0;0;0;0;0;0;0;474;[];8;0;2026-01-19T13:58:09.963189;0;0;0;0;0;2026-01-19 13:46:16;0;0;0;420;0;-630;4.22;67;0;0;0;0;0
T2-L4P4F4C1;0;0;0;0;0;0;0;0;0;0;0;0;475;[];8;0;2026-01-19T14:22:45.156960;0;0;0;0;0;2026-01-19 13:59:32;0;0;0;420;0;-630;3.88;-100;0;0;0;0;0
T2-L4P4F4C2;0;0;0;0;0;0;0;0;0;0;0;0;476;[];8;0;2026-01-19T14:23:26.889608;0;0;0;0;0;2026-01-19 13:59:39;0;0;0;425;0;-637.5;3.96;-100;0;0;0;0;0
T2-L4P4C1;0;0;0;0;0;0;0;0;0;0;0;0;477;[];8;0;2026-01-19T14:08:22.725021;517.28;0;0;0;0;2026-01-19 14:04:40;0;0;0;395;1.30956962;183.42;3.82;0;0;0;11;40.84;0
T2-L4P4C2;0;0;0;0;0;0;0;0;0;0;0;0;478;[];8;0;2026-01-19T14:19:12.509667;538.19;0;0;0;0;2026-01-19 14:04:47;0;0;0;410;1.312658537;192.285;3.78;0;0;0;9;40.84;0
T2-L3P3F3N3C1;0;0;0;0;0;0;0;0;0;0;0;0;479;[];8;0;2026-01-19T14:29:34.734900;1;0;0;0;0;2026-01-19 14:24:00;0;0;0;0;0;1.5;8;0;0;0;0;22.78;11.44
T2-L3P3F3N3C2;0;0;0;0;0;0;0;0;0;0;0;0;480;[];8;0;2026-01-19T14:29:04.017550;1;0;0;0;0;2026-01-19 14:24:23;0;0;0;0;0;1.5;8.6;0;0;0;0;14.59;11.44
T2-L4P4F4N4C1;0;0;0;0;0;0;0;0;0;0;0;0;481;[];8;0;2026-01-19T14:33:33.909353;1;0;0;0;0;2026-01-19 14:30:44;0;0;0;0;0;1.5;8.8;0;0;0;0;27.5;10.86
T2-L4P4F4N4C2;0;0;0;0;0;0;0;0;0;0;0;0;482;[];8;0;2026-01-19T14:34:33.025818;1;0;0;0;0;2026-01-19 14:30:52;0;0;0;0;0;1.5;8.2;0;0;0;0;24.69;0
T2-5C2;0;0;0;0;0;0;0;0;0;0;0;0;483;[];1;0;2026-01-19T15:06:43.197275;179.45;0;0;0;0;2026-01-19 15:05:05;1;0;0;149.54;1.200013374;44.865;3.43;250;0;0;0;0;0
